0.172	0.004
0.171	0.004
0.17	0.004
0.169	0.004
0.168	0.004
0.167	0.004
0.166	0.004
0.165	0.004
0.164	0.004
0.163	0.004
0.162	0.004
0.161	0.004
0.16	0.004
0.159	0.004
0.158	0.004
0.157	0.004
0.156	0.004
0.155	0.004
0.154	0.004
0.153	0.004
0.152	0.004
0.151	0.004
0.15	0.004
0.149	0.004
0.148	0.004
0.147	0.004
0.146	0.004
0.145	0.004
0.144	0.004
0.143	0.004
0.142	0.004
0.141	0.004
0.14	0.004
0.139	0.004
0.138	0.004
0.137	0.004
0.136	0.004
0.135	0.004
0.134	0.004
0.133	0.004
0.132	0.004
0.131	0.004
0.13	0.004
0.129	0.004
0.128	0.004
0.127	0.004
0.126	0.004
0.125	0.004
0.124	0.004
0.123	0.004
0.122	0.004
0.121	0.004
0.12	0.004
0.119	0.004
0.118	0.004
0.117	0.004
0.116	0.004
0.115	0.004
0.114	0.004
0.113	0.004
0.112	0.004
0.111	0.004
0.11	0.004
0.109	0.004
0.108	0.004
0.107	0.004
0.106	0.004
0.105	0.004
0.104	0.004
0.103	0.004
0.102	0.004
0.101	0.004
0.1	0.004
0.099	0.004
0.098	0.004
0.097	0.004
0.096	0.004
0.095	0.004
0.094	0.004
0.093	0.004
0.092	0.004
0.091	0.004
0.09	0.004
0.089	0.004
0.088	0.004
0.087	0.004
0.086	0.004
0.085	0.004
0.084	0.004
0.083	0.004
0.082	0.004
0.081	0.004
0.08	0.004
0.079	0.004
0.078	0.004
0.077	0.004
0.076	0.004
0.075	0.004
0.074	0.004
0.073	0.004
0.072	0.004
0.071	0.004
0.07	0.004
0.069	0.004
0.068	0.004
0.067	0.004
0.066	0.004
0.065	0.004
0.064	0.004
0.063	0.004
0.062	0.004
0.061	0.004
0.06	0.004
0.059	0.004
0.058	0.004
0.057	0.004
0.056	0.004
0.055	0.004
0.054	0.004
0.053	0.004
0.052	0.004
0.051	0.004
0.05	0.004
0.049	0.004
0.048	0.004
0.047	0.004
0.046	0.004
0.045	0.004
0.044	0.004
0.043	0.004
0.042	0.004
0.041	0.004
0.04	0.004
0.039	0.004
0.038	0.004
0.037	0.004
0.036	0.004
0.035	0.004
0.034	0.004
0.033	0.004
0.032	0.004
0.031	0.004
0.03	0.004
0.029	0.004
0.028	0.004
0.027	0.004
0.026	0.004
0.025	0.004
0.024	0.004
0.023	0.004
0.022	0.004
0.021	0.004
0.02	0.004
0.019	0.004
0.018	0.004
0.017	0.004
0.016	0.004
0.015	0.004
0.014	0.004
0.013	0.004
0.012	0.004
0.011	0.004
0.01	0.004
0.009	0.004
0.008	0.004
0.007	0.004
0.006	0.004
0.005	0.004
0.004	0.004
0.003	0.004
0.002	0.004
0.001	0.004
0	0.0035
0	0.003
0	0.0025
0	0.002
0	0.0015
0	0.001
0	0.0005
0	0
0	-0.0005
0	-0.001
0	-0.0015
0	-0.002
0	-0.0025
0	-0.003
0	-0.0035
0.001	-0.004
0.002	-0.004
0.003	-0.004
0.004	-0.004
0.005	-0.004
0.006	-0.004
0.007	-0.004
0.008	-0.004
0.009	-0.004
0.01	-0.004
0.011	-0.004
0.012	-0.004
0.013	-0.004
0.014	-0.004
0.015	-0.004
0.016	-0.004
0.017	-0.004
0.018	-0.004
0.019	-0.004
0.02	-0.004
0.021	-0.004
0.022	-0.004
0.023	-0.004
0.024	-0.004
0.025	-0.004
0.026	-0.004
0.027	-0.004
0.028	-0.004
0.029	-0.004
0.03	-0.004
0.031	-0.004
0.032	-0.004
0.033	-0.004
0.034	-0.004
0.035	-0.004
0.036	-0.004
0.037	-0.004
0.038	-0.004
0.039	-0.004
0.04	-0.004
0.041	-0.004
0.042	-0.004
0.043	-0.004
0.044	-0.004
0.045	-0.004
0.046	-0.004
0.047	-0.004
0.048	-0.004
0.049	-0.004
0.05	-0.004
0.051	-0.004
0.052	-0.004
0.053	-0.004
0.054	-0.004
0.055	-0.004
0.056	-0.004
0.057	-0.004
0.058	-0.004
0.059	-0.004
0.06	-0.004
0.061	-0.004
0.062	-0.004
0.063	-0.004
0.064	-0.004
0.065	-0.004
0.066	-0.004
0.067	-0.004
0.068	-0.004
0.069	-0.004
0.07	-0.004
0.071	-0.004
0.072	-0.004
0.073	-0.004
0.074	-0.004
0.075	-0.004
0.076	-0.004
0.077	-0.004
0.078	-0.004
0.079	-0.004
0.08	-0.004
0.081	-0.004
0.082	-0.004
0.083	-0.004
0.084	-0.004
0.085	-0.004
0.086	-0.004
0.087	-0.004
0.088	-0.004
0.089	-0.004
0.09	-0.004
0.091	-0.004
0.092	-0.004
0.093	-0.004
0.094	-0.004
0.095	-0.004
0.096	-0.004
0.097	-0.004
0.098	-0.004
0.099	-0.004
0.1	-0.004
0.101	-0.004
0.102	-0.004
0.103	-0.004
0.104	-0.004
0.105	-0.004
0.106	-0.004
0.107	-0.004
0.108	-0.004
0.109	-0.004
0.11	-0.004
0.111	-0.004
0.112	-0.004
0.113	-0.004
0.114	-0.004
0.115	-0.004
0.116	-0.004
0.117	-0.004
0.118	-0.004
0.119	-0.004
0.12	-0.004
0.121	-0.004
0.122	-0.004
0.123	-0.004
0.124	-0.004
0.125	-0.004
0.126	-0.004
0.127	-0.004
0.128	-0.004
0.129	-0.004
0.13	-0.004
0.131	-0.004
0.132	-0.004
0.133	-0.004
0.134	-0.004
0.135	-0.004
0.136	-0.004
0.137	-0.004
0.138	-0.004
0.139	-0.004
0.14	-0.004
0.141	-0.004
0.142	-0.004
0.143	-0.004
0.144	-0.004
0.145	-0.004
0.146	-0.004
0.147	-0.004
0.148	-0.004
0.149	-0.004
0.15	-0.004
0.151	-0.004
0.152	-0.004
0.153	-0.004
0.154	-0.004
0.155	-0.004
0.156	-0.004
0.157	-0.004
0.158	-0.004
0.159	-0.004
0.16	-0.004
0.161	-0.004
0.162	-0.004
0.163	-0.004
0.164	-0.004
0.165	-0.004
0.166	-0.004
0.167	-0.004
0.168	-0.004
0.169	-0.004
0.17	-0.004
0.171	-0.004
0.172	-0.004
