0.0 1.540272972
0.2 1.892901769
0.4 1.778762976
0.6 1.079512687
0.8 0.833213187
1.0 0.86084679
1.2 0.807381776
1.4 0.754517493
1.6 0.728686082
1.8 0.671616686
2.0 0.657799885
2.2 0.633770665
2.4 0.763528451
2.6 3.746155325
2.8 4.500072088
3.0 4.801038062
3.2 6.577398116
3.4 6.215758362
3.6 5.838499616
3.8 5.455233564
4.0 3.93658689
4.2 3.306420607
4.4 3.956410996
4.6 3.393526528
4.8 3.13701461
5.0 2.966407151
5.2 2.478013264
5.4 2.23952326
5.6 2.043685121
5.8 1.683847559
6.0 1.432141484
6.2 1.358251634
6.4 1.414119569
6.6 1.369665513
6.8 1.223087274
7.0 1.076509035
7.2 0.955161476
7.4 0.92332276
7.6 0.896289889
7.8 0.883674548
8.0 0.979791426
8.2 1.093930219
8.4 1.240508458
8.6 1.418324683
8.8 1.82141484
9.0 1.752931565
9.2 1.051278354
9.4 0.990604575
9.6 1.25552672
9.8 1.806997309
10.0 2.323625529
10.2 2.594554979
10.4 2.936971357
10.6 3.512471165
10.8 4.248966744
11.0 8.183751442
11.2 8.872188581
11.4 9.163542868
11.6 9.442882545
11.8 9.579248366
12.0 9.557622068
12.2 10.66596982
12.4 11.85998849
12.6 12.74449878
12.8 13.42675823
13.0 14.04025241
13.2 14.4528441
13.4 14.75756868
13.6 15.0083597
13.8 15.16476701
14.0 15.21330721
14.2 15.34948943
14.4 15.57466202
14.6 15.72297929
14.8 15.82680138
15.0 15.84298145
15.2 15.7755645
15.4 15.62320221
15.6 15.49376169
15.8 15.46409823
16.0 15.42904142
16.2 15.39128793
16.4 14.84386236
16.6 13.80968647
16.8 13.03439163
17.0 12.63798001
17.2 12.57595642