3.5060449937897817E-280
5.363098401337692E-186
-9.134070627459796E-136
7.734756353228012E-102
6.398084159595688E-73
5.283353393713333E-50
3.1006268313966025E-32
1.145187240062293E-18
7.242879464347992E-9
0.005915574030919608
0.1860039608584486
0.17590567333012863
0.7529715654388205
1.6895103477395101
2.5732547049076033
3.357272447820095
4.0557414297729295
4.607581888106012
4.840288909696861
4.735613238055308
4.31159228425987
3.5368344277785546
2.4565753243474084
0.26363640110715636
-8.865972664239358
-7.757729240647839
-5.243100539930321
-5.649497789663911
-7.012197424502917
-6.865741154669108
-5.629082328675606
-3.9379298272074506
-1.7119157825149287
0.16022790541021337
0.9798189913796866
1.5128830830937878
1.7901769529109646
1.7210769397309724
1.6859946647886417
2.19727209718165
2.842799270982652
3.2199511748399092
3.2103551016327296
2.924585939221787
2.6082862721602424
2.3942545509381237
2.0888153579035347
1.5087600048711192
0.6147551375082667
-0.46876270736219894
-1.4557707007486549
-2.130558713858793
-2.466659459074732
-2.537883977619334
-2.548556003004789
-2.4958134338066635
-2.295609890852905
-1.9799534225227582
-1.637345978150515
-1.2571661564099248
-0.8398149534944181
-0.46885281344882124
-0.16597033433660435
0.12354817659342565
0.44398306909339347
0.7993509295890782
1.155581982221305
1.4555163979260861
1.6419859152226675
1.7021701034458854
1.6640759703566665
1.5449368625075497
1.3511957885218617
1.087607444738735
0.7669948340702994
0.42086055640797326
0.08063328758903587
-0.22050326589837255
-0.46446195340110563
-0.6483240856169594
-0.781252981295065
-0.8752398958117755
-0.9300866418717266
-0.9488552336157934
-0.9265864054779769
-0.8646112858196453
-0.76416664351237
-0.633419355441454
-0.48058208981770534
-0.30835319883185264
-0.12405391940954935
0.06735059158771683
0.25053390206150006
0.41329878721366775
0.5404172824345519
0.6267675558740287
0.6711175720477911
0.6751395237332751
0.6442258890484336
0.5827498538356544
0.49821781329180226
0.3946588134825646
0.28161025855199284
0.16433648089520325
0.05015491235885605
-0.058541781863468145
-0.15707209676997813
-0.24421517347764166
-0.31771316040832964
-0.37450240799100953
-0.4074881846921823
-0.22205959612887938
0.41770561813544305
1.2991788393742993
2.204853213263535
3.077716762253983
3.876376380212786
4.480089352372875
4.791467896785143
4.777312210829635
4.413566262158383
3.6887636771404075
2.6490789075872136
0.5748423961067175
-8.53184062159809
-7.570033573170765
-5.05132611339188
-5.39250733746502
-6.799483899109127
-6.750860239112946
-5.544260160598228
-3.9109002970480944
-1.7341895155411606
0.10505613140247405
0.897417661428431
1.3956152494825567
1.6477012619873648
1.565105510273872
1.5151598914696311
2.016202613051558
2.668634746474874
3.064226510045714
3.082030586286976
2.823382818309309
2.531790638134847
2.344321692718694
2.07229547952322
1.5259989865224917
0.6624892198765977
-0.3974353577771659
-1.36981523728522
-2.0352503344445907
-2.368550376939936
-2.439450691581442
-2.4542355327987693
-2.4106690272682734
-2.224173220049426
-1.9243441250417668
-1.5988633211849184
-1.2374875068230118
-0.8398862007125061
-0.48500885551393935
-0.19756645208532575
0.07736597846146864
0.38665234738819976
0.7337964278941911
1.0855729549115054
1.3861400698323258
1.5762586346845389
1.643106311957638
1.614529460447745
1.5051836284256268
1.3244921698309113
1.072858456564127
0.7656331245049799
0.4306433168269095
0.10096316475970468
-0.19155660154741128
-0.42956788077782093
-0.6081860554435323
-0.739412714032742
-0.8325148240394249
-0.8893914657715136
-0.911621219309616
-0.8947686906193475
-0.839483810997006
-0.746081249227192
-0.6237563723310764
-0.4782108787851129
-0.31365753049576384
-0.13623516983559014
0.04948895412486465
0.22821825771506354
0.3882928741416798
0.5134291252503402
0.6005076942138672
0.6456323778177477
0.6525548433296926
0.6246602617760324
0.5679500919805207
0.48767008855499583
0.3892750740680988
0.2810340238797764
0.16858280659223723
0.05838012692273864
-0.04671106976078576
-0.1423052711302617
-0.22765017627911632
-0.3000919227600427
-0.3567711584318829
-0.39435065496556376
-0.33113865541418264
0.15431681197806668
0.9787949710594823
1.8927619762263532
2.7831913232612173
3.6190629243028845
4.310768201348733
4.735348844768534
4.842075257029947
4.6081761901617995
4.011355713858698
3.076796646035163
1.8178196431932179
-5.204605357389951
-8.738270053830014
-6.0704019995456875
-4.791390468886121
-6.327165564616301
-7.1747974532262475
-5.890670672208948
-4.721937402547557
-2.504772019765266
-0.51450559726797
0.6662276487232965
1.2205239811166955
1.5885967590135301
1.6330954910329538
1.476926269213763
1.7774538377393725
2.4578691350276536
2.9577367930977694
3.1302350434375548
2.947559636626874
2.6435097359659743
2.417671133966806
2.208592009060972
1.7793187301404814
1.028292729456453
0.012549939999011883
-1.0319229892750599
-1.8219314932228414
-2.2832302228996895
-2.4323491241164916
-2.455178583467486
-2.4461176622815586
-2.3175366254532364
-2.0515173710749153
-1.7291911006953313
-1.3869077202011084
-0.9948916715250959
-0.6144637478248498
-0.3038751541896971
-0.03149425200592759
0.2644534239764198
0.5999038843493594
0.9567149185008503
1.2858330267777305
1.5224252377586467
1.6346958363486195
1.6393638207097254
1.5587932694191764
1.4057414044628658
1.178562080220246
0.890319226715711
0.5605001439664647
0.2245862735670059
-0.08536149670402438
-0.34668011759673334
-0.5469172116252992
-0.695694422543383
-0.8030664301142778
-0.8739357773057748
-0.9101831712072652
-0.9080568577126371
-0.8681963063558271
-0.7875411515303838
-0.6758387394588752
-0.5375870982236606
-0.37964836616497877
-0.20596078869367318
-0.021505665783401184
0.16158357833027992
0.33155067808208116
0.4707098324739434
0.5735511482269402
0.6341118042177243
0.6558552433445399
0.6400755654678818
0.5941026109866954
0.5217705652779614
0.42946433700654296
0.3238294554514809
0.21204322159723432
0.1002388474655902
-0.0075827346521251116
-0.1072949400134533
-0.19702083927052172
-0.27492201285331674
-0.33823261097709434
-0.37446762198450756
-0.1301399209138978
0.5556721291238631
1.4405000138774469
2.3297465159465176
3.184621455975062
3.954459457143983
4.5097200430643625
4.766735628698122
4.698125029535284
4.2776538707000356
3.5016817966883167
2.4231276574035903
-0.5319126194361772
-9.247889361054888
-7.180607681841629
-4.724475496598558
-5.663338855171986
-6.991396514610045
-6.482062383729044
-5.358262532133679
-3.5074111908540644
-1.3847250028031794
0.33143358883307883
1.0104641340278278
1.4784626481725098
1.6768006501985937
1.5468484622629362
1.572634386111332
2.1379894669170483
2.7532891245067717
3.0914041281552898
3.0445710083446897
2.7606705574471277
2.4786692361907967
2.295508902244862
1.9870032804984064
1.388280325592092
0.4804059656131159
-0.5862663709135987
-1.5150196483116076
-2.124102552467619
-2.400463114582088
-2.4465243688256777
-2.455870080931092
-2.3892101735265285
-2.1759017540117824
-1.8648265890881746
-1.5353857593904578
-1.1627353969572383
-0.7664098190676611
-0.42318891078770804
-0.14289184836835034
0.1340908828275289
0.44970436030174454
0.798119081620122
1.1444706208091304
1.4284252181525758
1.5949169893862063
1.6430310459382085
1.5980477244149043
1.4756536776182116
1.2822114491422951
1.0183980265410852
0.70476431589951
0.3679581134609151
0.04256398121716387
-0.2411715688627325
-0.46836082000884716
-0.6373620439863643
-0.7607549977461616
-0.8462354377892751
-0.8964661630554076
-0.9114065921808532
-0.8864430251005686
-0.8244392457646796
-0.7245490904446825
-0.5976654770901462
-0.4481389168420904
-0.2817209458213128
-0.10193421318074769
0.08312203570560683
0.25903016554816105
0.41362289418331244
0.5321411111920895
0.6114562975361153
0.6489411446380942
0.6496271174923152
0.6155222794288662
0.5540586644180507
0.46977464898156995
0.36925362996015565
0.25933128537398886
0.14697208807404394
0.037489088564782946
-0.06585066345479618
-0.15984548836990342
-0.24262867435155755
-0.31218180582724386
-0.36543895793288783
-0.3961000125485299
-0.22334547534627802
0.4026807166899218
1.2805588225761753
2.187539703714627
3.062143054529386
3.863729841291331
4.47569321349674
4.796481567589495
4.792629014533297
4.439317852080109
3.7251284741515036
2.693013641116764
0.7770858547184218
-8.287312906758004
-7.677706209703288
-5.1510317613985634
-5.33016003002534
-6.758977638142333
-6.815658188455458
-5.591764807596
-4.015109633136248
-1.8235381913727906
0.0489181853762517
0.870645198282034
1.375796026498648
1.6448227049950077
1.5748474083917543
1.5099646892397018
1.9923885469544445
2.654890973091483
3.0626761367741864
3.0967983789584963
2.842722145913811
2.5461133840276844
2.3531620480727824
2.091225156201766
1.5581572545643283
0.7051626937942999
-0.3543654056075951
-1.337584430242451
-2.016035050727062
-2.3639927379521453
-2.443006141512832
-2.45957417663044
-2.4191222141309154
-2.239581405217578
-1.9423497400734817
-1.617614565482171
-1.2563456544580092
-0.8598963003427968
-0.4996959235631877
-0.21031867310027508
0.06454364067347029
0.37373081516069817
0.7196102017484733
1.073262913808989
1.3784060579432023
1.5724830968708545
1.6455283190486298
1.6191981664442423
1.5132167680654192
1.3356343697182353
1.0852135660080364
0.7804333892799704
0.444482262401074
0.11434082330713125
-0.18154878486954118
-0.42205629037772496
-0.602971757019418
-0.7374467471593107
-0.8310209702797522
-0.8905155127247326
-0.913853338020445
-0.8989004269835164
-0.844822309389933
-0.7527558503410745
-0.6318091788490534
-0.48556850222634296
-0.3227287660765654
-0.1443779579725586
0.040827805923477456
0.2213053584516942
0.38178904926359536
0.5092709960044033
0.5983246901385542
0.6446625367003307
0.6535988228506113
0.6266965524294434
0.5715513361642763
0.49111662503695186
0.39409152207514353
0.2853074689409283
0.17317541402800884
0.06195553738322701
-0.04295566836650977
-0.13959445801240378
-0.22552486570344144
-0.29874448779610674
-0.35708562310687597
-0.2967595078935972
0.21544808866229204
1.0398513461463708
1.9332304761501504
2.8026889415304765
3.619892666277522
4.283153358868823
4.676058666138559
4.753141370363167
4.492704315791258
3.870978125324257
2.9190529041812283
1.5756321584698156
-6.307108601426648
-8.415365454613195
-5.793283965086587
-4.907436893078213
-6.415710638854449
-7.057473662904314
-5.759660425478472
-4.483555918127337
-2.250038388841233
-0.2787565974903856
0.7797613400290828
1.3085867720235669
1.6404586089186424
1.6384635605575042
1.4939470132183672
1.8414464389832617
2.5160682813039585
2.9813789781223363
3.1030985112845144
2.8898680356331568
2.580651907495465
2.3678545816858048
2.1468470172517584
1.6885234230723114
0.9081017247282546
-0.12089594291927597
-1.1451575223412505
-1.8993946479740629
-2.3236296683365225
-2.4425727437703273
-2.4542838275134926
-2.4337147471104714
-2.286052484245573
-2.0054970632113225
-1.679084251009101
-1.3309763476898837
-0.9352587370863006
-0.5603899632103833
-0.2595140207771749
0.012368303625478916
0.30775129986164984
0.643345840852902
0.9974364257021335
1.3150335144827352
1.5373964922280976
1.6337541771847555
1.6256655376476488
1.5369369003926607
1.3729000479500115
1.1397997073058548
0.8445220169091954
0.5130924854616694
0.18023685048953553
-0.12613334019634692
-0.3780332318217887
-0.571326474838898
-0.7131800786903142
-0.8139290844279685
-0.8797327774950787
-0.9089489602914682
-0.9029491807257415
-0.8553220600680191
-0.7719802600408912
-0.6555379885980841
-0.5154005227922198
-0.35574833794569827
-0.1811309469611473
0.0021389518396546237
0.1846918759677294
0.3494093412265471
0.48490834103044733
0.5812832645164718
0.6371914208851166
0.652844791315232
0.6331982714475544
0.5832734610029604
0.5078176165714865
0.413597335533467
0.3066969415305181
0.1951280065212586
0.0833691799877272
-0.0227802943355897
-0.12096549131942425
-0.20873603064092094
-0.2844291825022225
-0.3450862053057051
-0.3861238372173119
-0.24627678914147566
0.3527002780641908
1.2164054702974312
2.1186474262104014
2.990048147387583
3.7962339696135103
4.420178357648041
4.759255267414943
4.775397366837424
4.4462412939437
3.7551610520198295
2.743613401997564
1.0215485449549533
-7.894457768184296
-7.828750686287819
-5.273139133753432
-5.230566741416041
-6.684739688609142
-6.883249279228522
-5.619747931746971
-4.132781569156393
-1.9152952747625989
-0.016635895677381995
0.8483107201003861
1.3613302092792878
1.6474274345719806
1.593248628685572
1.502050936347345
1.9546928830683754
2.6229405829219274
3.041440576416491
3.0955525425537473
2.848468505080021
2.5470643423620487
2.353381090966181
2.10301975869875
1.5886240639157023
0.7518035792311082
-0.3020462775222086
-1.2945502454909956
-1.9920158670525154
-2.358365774630826
-2.4444412248413983
-2.456642853317078
-2.4220133915586644
-2.2495285326897942
-1.9560126259265331
-1.6294553371846519
-1.2732864979792424
-0.8750567261142663
-0.5117485447874941
-0.22062437697138648
0.05382680527243622
0.3584838305962421
0.7010651213316095
1.0559387459882998
1.3623799958229057
1.5640924332181498
1.6422511219660834
1.6185277847751536
1.518432750200219
1.3419277505012275
1.097129800925913
0.7934465732468254
0.4589700667499699
0.12825104793502362
-0.1704219200984909
-0.4126221931925613
-0.5971646146015388
-0.7320601493941297
-0.827505890059669
-0.8883992473372047
-0.9124002509521745
-0.8999278365034797
-0.846663675929463
-0.75748055979291
-0.6362712830628112
-0.4925973700379416
-0.3302110948413173
-0.15244302706734913
0.031688595433905675
0.21287387555517512
0.37378619234543464
0.5040791857733495
0.5932416116388879
0.6428775790837022
0.6526260362378054
0.6277527922943307
0.5730317938955949
0.4944488244586296
0.39768066020165804
0.2893212725131633
0.1772718886816449
0.06626862712299442
-0.03902876277015821
-0.13609953752312265
-0.22211998996716886
-0.29574433065070593
-0.35405500566011483
-0.38811805732669313
-0.18579749000961954
0.46903076429596524
1.3503821443070052
2.2501723032745815
3.1152187494646313
3.903690810737473
4.490306191075192
4.782980645551561
4.749936081311205
4.366876851755478
3.6246864045651535
2.5714473769882176
0.25721278598454944
-8.827984458074866
-7.4562071661916605
-4.939548207825126
-5.496650966371959
-6.87659207149224
-6.678071016462454
-5.484339826616392
-3.7870944476530752
-1.6185125707267645
0.17753680508135972
0.9324227357713823
1.4236309818018071
1.6591521182701996
1.5644924958391755
1.5332137342350336
2.0587757186826963
2.6999104207299354
3.0753012512602
3.071542945076061
2.8024291621103288
2.511605667008581
2.3280669476555147
2.046310087965722
1.482870970467303
0.602897547208741
-0.4607813752163139
-1.4188280856308921
-2.0678529939275165
-2.384576542291512
-2.4466732104008884
-2.4570612531372973
-2.406516434236295
-2.212545274530811
-1.9080474811964052
-1.580201007827739
-1.2165167927223877
-0.8170729038389482
-0.4656537331017887
-0.18090535194052393
0.09605316739916248
0.4064472351098658
0.7541664805881112
1.1051304380211917
1.399730297753237
1.5829274995153781
1.6439856073309898
1.6084850227317276
1.4965754560438853
1.309707288912179
1.0556516034639856
0.7444202851018105
0.4095212467625231
0.0807947675312164
-0.20999885849712996
-0.4434575937769978
-0.620220416227454
-0.7483358386161427
-0.8391059585598839
-0.8940417671377645
-0.9134168040001782
-0.8947371624622065
-0.835670703588363
-0.7418482673637214
-0.6162726391751931
-0.47013031518505954
-0.30466009276763373
-0.12612601459871087
0.059246577331180106
0.23783134146891882
0.39501566589565584
0.5196849012274214
0.6029176815429054
0.6465384350820642
0.6505539658330974
0.6216230158180593
0.5622724357222779
0.4811563467433331
0.3818054002770026
0.27299733816091987
0.1602366310685568
0.05025099798105259
-0.05418760379207299
-0.14957611001412374
-0.23413562637207974
-0.30552605059111215
-0.3612188668857499
-0.39764567602527734
-0.3769637837209814
-0.0016566654586114282
0.7685179287285706
1.6842931598076518
2.586988387678801
3.4431994210831647
4.183945048735737
4.681138723957943
4.865955294797942
4.715158581392103
4.203695750953216
3.3427201623489964
2.1902628142989613
-2.465065941188797
-9.349228046180855
-6.736883913179199
-4.614499450518025
-6.014524105267171
-7.201808764820001
-6.2076596804869695
-5.136869845756749
-3.0534159494917787
-1.0018900522644287
0.47903432082934216
1.0833814470324938
1.5128295362436859
1.645504194336425
1.4926726775509849
1.648715665740852
2.2937202629219513
2.862855312150998
3.132097998501891
3.019213248405677
2.7227361271549313
2.4663118343321315
2.281349267201378
1.9197220972718156
1.2458204584967092
0.2796384220590653
-0.7873614993706184
-1.6570985472488928
-2.2021274224614444
-2.419055595029988
-2.4521741545305105
-2.4586586856499366
-2.3681393133159503
-2.1317901182626713
-1.8139429563058798
-1.4821395987998471
-1.09985147342762
-0.7080334327051645
-0.3800659326768425
-0.10392168298824345
0.18420532295274938
0.5102084545786454
0.868346019881642
1.2095510767233577
1.4753365599584924
1.6189922409704423
1.6466538028431899
1.5876640615560405
1.4511894172866135
1.2423680151053276
0.9677306173518616
0.6443652028775944
0.30760231023108986
-0.012984120429536006
-0.28734198415492074
-0.5032628350436141
-0.6644254817836099
-0.780935505067319
-0.8623299464594254
-0.9063683332494463
-0.9155468048203517
-0.8842211977557213
-0.8144158145315572
-0.7090562848641753
-0.5768471122772212
-0.4235996282057499
-0.25243891293321497
-0.07047699381762129
0.11544764463698698
0.2895089675124325
0.43849530301565665
0.5504573373067245
0.6220476371935177
0.6533028817509035
0.6464283122588625
0.6077698230923403
0.5411828180926506
0.45377766306174294
0.3501841160972816
0.23971480739373874
0.1269453466098156
0.017953444269508623
-0.08445242836303635
-0.17693615846326338
-0.25806777844393025
-0.3257410826960836
-0.3756356848962099
-0.4059105577696016
-0.3224986855610439
0.18653745672185096
1.0246985838210776
1.9434439837678497
2.83688015694554
3.671661810352049
4.355651040015758
4.767604910833484
4.859686735690133
4.608427612928395
3.9939180038867335
3.0430924738691942
1.7475962150762996
-5.647885712440484
-8.608834681177498
-5.972452817101058
-4.845548285296616
-6.384321268364332
-7.157497723050753
-5.866666832704908
-4.664929022872613
-2.435976523751606
-0.45121583992602154
0.6775410975813969
1.226100285676182
1.5870680325594293
1.6190014466756537
1.4723795893463745
1.7975025984964077
2.485302141733385
2.9760181232931444
3.133723624700778
2.941780295069364
2.6391364947186986
2.4184843977322004
2.2053886689502207
1.760716368305907
0.9952421057348175
-0.026565925031718507
-1.0658111287343388
-1.845570714064337
-2.295432743219365
-2.4347351737045813
-2.4570634641542597
-2.4477665612260466
-2.3154232081728026
-2.044395131648159
-1.7229708021748849
-1.3801645327476137
-0.9853265430283642
-0.6078750700787481
-0.2990911210709726
-0.02561338375274147
0.27172130087011226
0.6106818274046475
0.9680074478446841
1.295597483787077
1.5290919710084978
1.636747423441932
1.6386856685935953
1.5554952789047007
1.3995995137431407
1.1708508265204927
0.878931845592561
0.5495748484945011
0.2128897926228177
-0.0959654434449817
-0.35473689650375206
-0.5542750387346302
-0.7010701761668514
-0.8082280765110426
-0.8777832601742546
-0.913592236557065
-0.9104591046703518
-0.8685068406452245
-0.7881382301521569
-0.6739409269151793
-0.5358147102056137
-0.3763854747456179
-0.20260835005157674
-0.016916414361190846
0.16588821515192365
0.33497198589672905
0.47393676680319174
0.5749565490463056
0.6346458812047331
0.654706407879388
0.6387428853666677
0.5909816737061675
