0.0 1.59914456
0.2 2.156622453
0.4 2.200475779
0.6 1.456771434
0.8 1.00922722
1.0 0.961769512
1.2 0.991205306
1.4 0.97198193
1.6 1.021842561
1.8 1.060289312
2.0 1.012831603
2.2 1.113754325
2.4 1.334222414
2.6 1.483804306
2.8 5.57357747
3.0 6.120842945
3.2 5.846309112
3.4 5.818074779
3.6 5.799452134
3.8 5.697327951
4.0 8.23060842
4.2 9.033184352
4.4 9.401432141
4.6 9.245842945
4.8 9.051806997
5.0 8.99353614
5.2 8.767060746
5.4 8.502138601
5.6 8.26785371
5.8 8.135092272
6.0 8.290681469
6.2 8.263047866
6.4 8.173539023
6.6 7.876177432
6.8 7.146289889
7.0 6.873558247
7.2 6.645280661
7.4 6.263816801
7.6 5.958044983
7.8 5.90578143
8.0 5.763408304
8.2 5.619833718
8.4 5.670895809
8.6 5.673298731
8.8 4.830473856
9.0 4.303032488
9.2 4.247164552
9.4 4.128219915
9.6 3.836865629
9.8 3.511870434
10.0 3.19888985
10.2 2.818627451
10.4 2.377691273
10.6 2.012447136
10.8 1.654411765
11.0 1.418925413
11.2 1.274149366
11.4 1.154603998
11.6 1.10714629
11.8 1.047673972
12.0 1.011630142
12.2 1.022443291
12.4 0.965974625
12.6 0.920319108
12.8 0.826004421
13.0 0.771337947
13.2 0.681228374
13.4 0.659602076
13.6 0.643830703
13.8 0.635572857
14.0 0.583452893
14.2 0.543060361
14.4 0.521434064
14.6 0.55327278
14.8 0.616349481
15.0 0.726883891
15.2 0.823000769
15.4 0.939542484
15.6 1.223688005
15.8 1.315599769
16.0 1.410210426
16.2 1.487326638
16.4 1.657101865
16.6 1.883668101
16.8 1.926111908
17.0 2.792324247
17.2 3.540172166