0  1.545894708
0.2  1.918084853
0.4  1.819032965
0.6  1.115537692
0.8  0.850021032
1  0.870484052
1.2  0.824935361
1.4  0.775283499
1.6  0.756680035
1.8  0.708731619
2  0.691702397
2.2  0.679605026
2.4  0.818024875
2.6  3.530120026
2.8  4.60258273
3  4.927068214
3.2  6.507585328
3.4  6.177782959
3.6  5.834770913
3.8  5.478351521
4  4.346629459
4.2  3.853277883
4.4  4.476364248
4.6  3.952373018
4.8  3.701827024
5  3.541946756
5.2  3.078563859
5.4  2.83754981
5.6  2.638040333
5.8  2.299886612
6  2.087073774
6.2  2.017601003
6.4  2.059586691
6.6  1.990982114
6.8  1.788702793
7  1.630077976
7.2  1.498519508
7.4  1.433294562
7.6  1.37964449
7.8  1.363243081
8  1.436586191
8.2  1.526115546
8.4  1.663572804
8.6  1.824638549
8.8  2.108754407
9  1.996444534
9.2  1.35645833
9.4  1.290220179
9.6  1.502022652
9.8  1.969798206
10  2.407205834
10.2  2.615951996
10.4  2.883564861
10.6  3.369231616
10.8  4.00120879
11  7.537768038
11.2  8.146640398
11.4  8.398757259
11.6  8.646890563
11.8  8.764555506
12  8.741552456
12.2  9.745094979
12.4  10.81970273
12.6  11.61539009
12.8  12.22349331
13  12.77318383
13.2  13.13777182
13.4  13.41133266
13.6  13.63666924
13.8  13.77735243
14  13.81628044
14.2  13.93560127
14.4  14.13720666
14.6  14.27440122
14.8  14.37433247
15  14.39952258
15.2  14.34772172
15.4  14.22103748
15.6  14.13109091
15.8  14.11303685
16  14.09036218
16.2  14.06357777
16.4  13.58463878
16.6  12.67085305
16.8  11.97364531
17  11.69780355
17.2  11.7131158