0  1.560612605
0.2  1.984015024
0.4  1.924461166
0.6  1.209852378
0.8  0.89402454
1  0.895714733
1.2  0.870891244
1.4  0.829649608
1.6  0.829969154
1.8  0.805899776
2  0.780460327
2.2  0.799600941
2.4  0.960698366
2.6  2.964532272
2.8  4.870959076
3  5.257019434
3.2  6.324813077
3.4  6.078362063
3.6  5.825009043
3.8  5.538875118
4  5.420134842
4.2  5.28496882
4.4  5.837619534
4.6  5.415452122
4.8  5.180525121
5  5.048729003
5.2  4.65082573
5.4  4.403203646
5.6  4.194082481
5.8  3.91269779
6  3.801708771
6.2  3.743800061
6.4  3.749441554
6.6  3.617610094
6.8  3.269503447
7  3.079340279
7.2  2.921049304
7.4  2.768418072
7.6  2.645083263
7.8  2.618769802
8  2.63249041
8.2  2.65759142
8.4  2.771169642
8.6  2.888382061
8.8  2.861019161
9  2.633969765
9.2  2.155429879
9.4  2.074624014
9.6  2.147357379
9.8  2.396016487
10  2.626021915
10.2  2.671970114
10.4  2.74374484
10.6  2.994225609
10.8  3.352570045
11  5.846561531
11.2  6.247130594
11.4  6.396522542
11.6  6.562956499
11.8  6.631661907
12  6.605054474
12.2  7.334213347
12.4  8.096199268
12.6  8.659345176
12.8  9.07330486
13  9.455955211
13.2  9.694867887
13.4  9.886841011
13.6  10.04553699
13.8  10.14505389
14  10.15881686
14.2  10.233994
14.4  10.37389967
14.6  10.48197459
14.8  10.57171949
15  10.62049819
15.2  10.60958079
15.4  10.55012254
15.6  10.56357249
15.8  10.57591223
16  10.58565443
16.2  10.58758745
16.4  10.28794866
16.6  9.689348461
16.8  9.196575375
17  9.236389604
17.2  9.454169739