0  1.574313539
0.2  2.045389613
0.4  2.022604586
0.6  1.297650196
0.8  0.934987534
1  0.919202047
1.2  0.913671709
1.4  0.880259178
1.6  0.89819421
1.8  0.896353896
2  0.863085342
2.2  0.911305489
2.4  1.093513535
2.6  2.43802498
2.8  5.120791399
3  5.564171989
3.2  6.154669855
3.4  5.985810861
3.6  5.815921689
3.8  5.59521671
4  6.419464135
4.2  6.617734091
4.4  7.104816053
4.6  6.77743673
4.8  6.557049495
5  6.451396995
5.2  6.114448894
5.4  5.860675371
5.6  5.642606657
5.8  5.414068423
6  5.397867493
6.2  5.350723802
6.4  5.322532379
6.6  5.131842828
6.8  4.647985098
7  4.428462787
7.2  4.245286444
7.4  4.011288445
7.6  3.823083911
7.8  3.787543291
8  3.745761139
8.2  3.710885615
8.4  3.802234771
8.6  3.878624001
8.8  3.561304617
9  3.227443863
9.2  2.899194827
9.4  2.804827834
9.6  2.74810136
9.8  2.792784329
10  2.829718442
10.2  2.724117544
10.4  2.613585975
10.6  2.645131422
10.8  2.748750344
11  4.272212457
11.2  4.478871374
11.4  4.532636399
11.6  4.623016197
11.8  4.646145031
12  4.616182267
12.2  5.089916599
12.4  5.560881942
12.6  5.907554333
12.8  6.140785235
13  6.367937411
13.2  6.489858568
13.4  6.605881446
13.6  6.702541497
13.8  6.763736576
14  6.754073335
14.2  6.78815699
14.4  6.870626211
14.6  6.951593574
14.8  7.031855978
15  7.102593353
15.2  7.12973448
15.4  7.13285712
15.6  7.242559176
15.8  7.283192606
16  7.323111759
16.2  7.351777911
16.4  7.219050201
16.6  6.913857134
16.8  6.611392871
17  6.945052182
17.2  7.351310255