0  1.583072337
0.2  2.084625454
0.4  2.085346181
0.6  1.353778004
0.8  0.961174553
1  0.934217129
1.2  0.941020609
1.4  0.912613106
1.6  0.94180945
1.8  0.954179839
2  0.915906258
2.2  0.982716506
2.4  1.178420251
2.6  2.101436881
2.8  5.280505401
3  5.760529943
3.2  6.045899883
3.4  5.926644286
3.6  5.810112282
3.8  5.631235033
4  7.058320145
4.2  7.469750647
4.4  7.914915504
4.6  7.648132764
4.8  7.437040579
5  7.348101296
5.2  7.05012091
5.4  6.792414865
5.6  6.56862612
5.8  6.373871821
6  6.418267474
6.2  6.378005696
6.4  6.328185404
6.6  6.099868771
6.8  5.529227439
7  5.290936275
7.2  5.091851095
7.4  4.80583656
7.6  4.576161798
7.8  4.534722396
8  4.457458174
8.2  4.384240564
8.4  4.461379017
8.6  4.511670604
8.8  4.008986451
9  3.606842823
9.2  3.374672439
9.4  3.271636023
9.6  3.132147845
9.8  3.046431973
10  2.959938533
10.2  2.757454602
10.4  2.530377393
10.6  2.421960821
10.8  2.362737599
11  3.265755053
11.2  3.348450163
11.4  3.341082353
11.6  3.382841883
11.8  3.376834308
12  3.344726532
12.2  3.655171841
12.4  3.940092158
12.6  4.148376325
12.8  4.266070066
13  4.393814624
13.2  4.440944884
13.4  4.508413926
13.6  4.565415353
13.8  4.602111876
14  4.577472615
14.2  4.585285829
14.4  4.631036801
14.6  4.694674715
14.8  4.768875101
15  4.853650328
15.2  4.905121694
15.4  4.948251338
15.6  5.119485906
15.8  5.178207056
16  5.237417879
16.2  5.283174116
16.4  5.257150119
16.6  5.139527766
16.8  4.958725038
17  5.480235038
17.2  6.006984188