0  1.578804927
0.2  2.065509198
0.4  2.054777589
0.6  1.326431743
0.8  0.948415867
1  0.926901569
1.2  0.927695838
1.4  0.896849815
1.6  0.920559489
1.8  0.926006222
2  0.890171161
2.2  0.947924049
2.4  1.137052499
2.6  2.265427359
2.8  5.202690482
3  5.664861573
3.2  6.098894151
3.4  5.955471078
3.6  5.812942707
3.8  5.613686397
4  6.747060468
4.2  7.054636139
4.4  7.520223603
4.6  7.223917351
4.8  7.008296486
5  6.911214288
5.2  6.59424828
5.4  6.338458215
5.6  6.11745635
5.8  5.906242041
6  5.921114182
6.2  5.877499439
6.4  5.838217038
6.6  5.628232851
6.8  5.099873716
7  4.870727003
7.2  4.679392833
7.4  4.418721489
7.6  4.209251609
7.8  4.170686176
8  4.11070932
8.2  4.056172517
8.4  4.140234625
8.6  4.203241353
8.8  3.790869535
9  3.421994288
9.2  3.143013027
9.4  3.044200476
9.6  2.94503497
9.8  2.922851256
10  2.896493464
10.2  2.741212316
10.4  2.57091779
10.6  2.530692692
10.8  2.550808464
11  3.756115324
11.2  3.899207353
11.4  3.921624324
11.6  3.987072336
11.8  3.995260431
12  3.964197736
12.2  4.354199764
12.4  4.729763847
12.6  5.005472712
12.8  5.179457791
13  5.355635146
13.2  5.439204587
13.4  5.530329745
13.6  5.606653413
13.8  5.65528598
14  5.637943247
14.2  5.658555791
14.4  5.722196413
14.6  5.794277479
14.8  5.871431366
15  5.949367153
15.2  5.988984483
15.4  6.01262215
15.6  6.153877208
15.8  6.203785765
16  6.253597414
16.2  6.29102712
16.4  6.213015566
16.6  6.00400611
16.8  5.763928163
17  6.193914653
17.2  6.661958847