0  1.590523016
0.2  2.118001453
0.4  2.138717369
0.6  1.40152317
0.8  0.983450562
1  0.946989722
1.2  0.964284973
1.4  0.940135001
1.6  0.978910789
1.8  1.003369524
2  0.960838412
2.2  1.043462345
2.4  1.250646218
2.6  1.815117942
2.8  5.416366247
3  5.927561995
3.2  5.953374618
3.4  5.876314191
3.6  5.805170505
3.8  5.661874049
4  7.601763526
4.2  8.194519219
4.4  8.604027256
4.6  8.388791049
4.8  8.185605707
5  8.110883535
5.2  7.846051066
5.4  7.584999818
5.6  7.356345324
5.8  7.190329357
6  7.286271543
6.2  7.251863869
6.4  7.183644962
6.6  6.923320822
6.8  6.278856949
7  6.024600045
7.2  5.811981999
7.4  5.481719556
7.6  5.216768112
7.8  5.170310905
8  5.062863832
8.2  4.957030496
8.4  5.022080603
8.6  5.050172209
8.8  4.389807366
9  3.929578854
9.2  3.779137854
9.4  3.668726787
9.6  3.458837298
9.8  3.262197545
10  3.070710358
10.2  2.785812797
10.4  2.459595945
10.6  2.232120569
10.8  2.034375545
11  2.409611248
11.2  2.386856447
11.4  2.32748594
11.6  2.327886601
11.8  2.297094115
12  2.263161684
12.2  2.434705054
12.4  2.561366018
12.6  2.65193013
12.8  2.671342092
13  2.714525481
13.2  2.698034803
13.4  2.724201485
13.6  2.74746727
13.8  2.763324078
14  2.725945454
14.2  2.711411696
14.4  2.725928259
14.6  2.774824864
14.8  2.843868589
15  2.940585126
15.2  3.012753029
15.4  3.089914665
15.6  3.313491912
15.8  3.387599397
16  3.463220693
16.2  3.523514627
16.4  3.588258229
16.6  3.630193055
16.8  3.55288181
17  4.234187151
17.2  4.863432133