0   1.541713662
0.2   1.899355473
0.4   1.789083023
0.6   1.088744866
0.8   0.837520557
1   0.863316545
1.2   0.811880258
1.4   0.759839227
1.6   0.735860132
1.8   0.681128182
2   0.66648813
2.2   0.645516701
2.4   0.777494326
2.6   3.690791655
2.8   4.526342635
3   4.833335986
3.2   6.559507095
3.4   6.206026352
3.6   5.837544056
3.8   5.461158035
4   4.041669076
4.2   3.446564491
4.4   4.089660148
4.6   3.536742905
4.8   3.281759882
5   3.113901496
5.2   2.63191721
5.4   2.392780366
5.6   2.196001368
5.8   1.841720754
6   1.599981904
6.2   1.527224025
6.4   1.579534337
6.6   1.528891193
6.8   1.368038359
7   1.218372927
7.2   1.094408604
7.4   1.054013952
7.6   1.020159853
7.8   1.006574251
8   1.096854863
8.2   1.204686961
8.4   1.348927754
8.6   1.522451309
8.8   1.895051755
9   1.815336976
9.2   1.129487256
9.4   1.067387488
9.6   1.318696579
9.8   1.848718524
10   2.345044772
10.2   2.600038423
10.4   2.923284799
10.6   3.475762964
10.8   4.185473464
11   8.018204366
11.2   8.686251327
11.4   8.967550183
11.6   9.238892559
11.8   9.37046588
12   9.34848676
12.2   10.42997593
12.4   11.59339299
12.6   12.45514051
12.8   13.11839584
13   13.71553896
13.2   14.11582868
13.4   14.41256688
13.6   14.65683465
13.8   14.80921232
14   14.85528919
14.2   14.98715032
14.4   15.20628331
14.6   15.35175015
14.8   15.45457513
15   15.47306421
15.2   15.40964922
15.4   15.26386748
15.6   15.14454813
15.8   15.11785983
16   15.08597621
16.2   15.05103378
16.4   14.52115936
16.6   13.51783603
16.8   12.76255268
17   12.39703966
17.2   12.35483504