0  1.55240684
0.2  1.947256547
0.4  1.865681094
0.6  1.157268497
0.8  0.869490977
1  0.881647707
1.2  0.845269161
1.4  0.799338517
1.6  0.789107794
1.8  0.75172498
2  0.73097454
2.2  0.732698837
2.4  0.881152685
2.6  3.279868098
2.8  4.721329463
3  5.07305958
3.2  6.426715281
3.4  6.133792843
3.6  5.830451642
3.8  5.505131002
4  4.821616391
4.2  4.486748843
4.4  5.078670005
4.6  4.599732096
4.8  4.356096936
5  4.208642879
5.2  3.774232325
5.4  3.530294461
5.6  3.326532163
5.8  3.013496665
6  2.845737149
6.2  2.781381052
6.4  2.807285761
6.6  2.710705598
6.8  2.44390301
7  2.271323624
7.2  2.127936998
7.4  2.024037962
7.6  1.939554939
7.8  1.918767809
8  1.965730138
8.2  2.026752303
8.4  2.15364396
8.6  2.29530621
8.8  2.441604092
9  2.278526169
9.2  1.709974065
9.4  1.637290233
9.6  1.787559704
9.8  2.158384232
10  2.50402396
10.2  2.640737968
10.4  2.821699608
10.6  3.203305152
10.8  3.714209831
11  6.789470915
11.2  7.306176672
11.4  7.51284151
11.6  7.724825836
11.8  7.820827973
12  7.796230115
12.2  8.678367892
12.4  9.614651902
12.6  10.30744816
12.8  10.82964995
13  11.3054313
13.2  11.61441255
13.4  11.85187381
13.6  12.04772435
13.8  12.17019296
14  12.19798636
14.2  12.29777522
14.4  12.47208074
14.6  12.59639092
14.8  12.69181508
15  12.72744228
15.2  12.69373086
15.4  12.59679167
15.6  12.55259428
15.8  12.54798837
16  12.53965698
16.2  12.52557898
16.4  12.12597378
16.6  11.35164614
16.8  10.74489327
17  10.60871776
17.2  10.71361466