0  1.556345195
0.2  1.964898768
0.4  1.893892574
0.6  1.182506117
0.8  0.881265854
1  0.888399173
1.2  0.857566473
1.4  0.813886317
1.6  0.808719193
1.8  0.777726159
2  0.75472523
2.2  0.764808484
2.4  0.919330614
2.6  3.12852275
2.8  4.793144157
3  5.161351064
3.2  6.377807345
3.4  6.107188855
3.6  5.827839468
3.8  5.521326482
4  5.108875165
4.2  4.869854312
4.4  5.442927633
4.6  4.991236709
4.8  4.751781028
5  4.611841995
5.2  4.1949531
5.4  3.949246996
5.6  3.742912711
5.8  3.44506801
6  3.304555479
6.2  3.243293804
6.4  3.259473188
6.6  3.145974174
6.8  2.840149724
7  2.659131007
7.2  2.508591042
7.4  2.381303001
7.6  2.278173074
7.8  2.254733582
8  2.285741556
8.2  2.329523373
8.4  2.45002525
8.6  2.57995281
8.8  2.642902245
9  2.44912123
9.2  1.923770467
9.4  1.847188467
9.6  1.960244504
9.8  2.27243577
10  2.562576846
10.2  2.655727828
10.4  2.784285237
10.6  3.10295748
10.8  3.54064091
11  6.336921802
11.2  6.797887784
11.4  6.977064513
11.6  7.167186952
11.8  7.25008803
12  7.224525678
12.2  8.03324127
12.4  8.885870957
12.6  9.516441563
12.8  9.986692585
13  10.41777573
13.2  10.69312759
13.4  10.90875683
13.6  11.08677505
13.8  11.19822799
14  11.21928749
14.2  11.30726396
14.4  11.46505928
14.6  11.58157735
14.8  11.67427576
15  11.71621501
15.2  11.69344357
15.4  11.61449336
15.6  11.59796379
15.8  11.60149094
16  11.60183397
16.2  11.59544045
16.4  11.24381411
16.6  10.55382681
16.8  10.0017785
17  9.950069219
17.2  10.1091444