0  1.565103993
0.2  2.004134609
0.4  1.956634169
0.6  1.238633925
0.8  0.907452873
1  0.903414255
1.2  0.884915373
1.4  0.846240245
1.6  0.852334433
1.8  0.835552102
2  0.807546146
2.2  0.836219501
2.4  1.00423733
2.6  2.791934651
2.8  4.952858159
3  5.357709018
3.2  6.269037373
3.4  6.04802228
3.6  5.822030061
3.8  5.557344805
4  5.747731175
4.2  5.721870868
4.4  6.253027084
4.6  5.861932743
4.8  5.631772112
5  5.508546296
5.2  5.130625116
5.4  4.88098649
5.6  4.668932174
5.8  4.404871408
6  4.32495546
6.2  4.270575698
6.4  4.265126213
6.6  4.114000117
6.8  3.721392065
7  3.521604495
7.2  3.355155693
7.4  3.175851116
7.6  3.031250961
7.8  3.001912687
8  2.997438591
8.2  3.002878322
8.4  3.109169496
8.6  3.212999413
8.8  3.090584079
9  2.82852019
9.2  2.399248079
9.4  2.313996656
9.6  2.344290989
9.8  2.526083414
10  2.692796937
10.2  2.689064886
10.4  2.701076655
10.6  2.879786879
10.8  3.154628165
11  5.330464398
11.2  5.667466573
11.4  5.785510467
11.6  5.927012638
11.8  5.980777307
12  5.953069943
12.2  6.598496512
12.4  7.265081173
12.6  7.757263555
12.8  8.111977416
13  8.443652946
13.2  8.644213906
13.4  8.81128931
13.6  8.949648906
13.8  9.036603291
14  9.042686768
14.2  9.104392801
14.4  9.225469873
14.6  9.324658496
14.8  9.411294883
15  9.467271988
15.2  9.468830789
15.4  9.429887574
15.6  9.474890519
15.8  9.496505393
16  9.516140087
16.2  9.526836657
16.4  9.281914024
16.6  8.779497437
16.8  8.349110667
17  8.485252075
17.2  8.764818331