0  1.569708766
0.2  2.024762111
0.4  1.989619378
0.6  1.268142061
0.8  0.921220204
1  0.911308151
1.2  0.899293541
1.4  0.863249712
1.6  0.875264322
1.8  0.865952999
2  0.835315744
2.2  0.873762495
2.4  1.048875433
2.6  2.614979816
2.8  5.036824779
3  5.460940504
3.2  6.211853614
3.4  6.016916571
3.6  5.818975875
3.8  5.576280758
4  6.083597655
4.2  6.16980248
4.4  6.678921569
4.6  6.319684737
4.8  6.094410804
5  5.979971646
5.2  5.622537005
5.4  5.370830931
5.6  5.155769416
5.8  4.909469916
6  4.861411477
6.2  4.81064975
6.4  4.793829296
6.6  4.622921473
6.8  4.184688582
7  3.975033641
7.2  3.800221069
7.4  3.593569781
7.6  3.427167436
7.8  3.394727989
8  3.371599865
8.2  3.356881969
8.4  3.455702134
8.6  3.545811707
8.8  3.325944348
9  3.027982027
9.2  2.649221453
9.4  2.559412245
9.6  2.546196175
9.8  2.659433872
10  2.76125769
10.2  2.706591215
10.4  2.657331315
10.6  2.762459151
10.8  2.951689255
11  4.801338428
11.2  5.073168974
11.4  5.159073433
11.6  5.275014418
11.8  5.313461169
12  5.284626105
12.2  5.844206556
12.4  6.412981558
12.6  6.832408944
12.8  7.126381326
13  7.405795179
13.2  7.567036237
13.4  7.708585378
13.6  7.826095202
13.8  7.900169934
14  7.898380052
14.2  7.946274896
14.4  8.048048042
14.6  8.138126035
14.8  8.221575431
15  8.284932671
15.2  8.299282635
15.4  8.281372347
15.6  8.358724848
15.8  8.389849
16  8.419625923
16.2  8.439307284
16.4  8.250482113
16.6  7.846677286
16.8  7.480251769
17  7.715152129
17.2  8.058064293