0  1.587010692
0.2  2.102267675
0.4  2.113557661
0.6  1.379015624
0.8  0.97294943
1  0.940968595
1.2  0.953317921
1.4  0.927160906
1.6  0.961420849
1.8  0.980181018
2  0.939656948
2.2  1.014826153
2.4  1.21659818
2.6  1.950091533
2.8  5.352320095
3  5.848821427
3.2  5.996991947
3.4  5.900040298
3.6  5.807500108
3.8  5.647430513
4  7.345578919
4.2  7.852856116
4.4  8.279173132
4.6  8.039637377
4.8  7.832724671
5  7.751300412
5.2  7.470841685
5.4  7.2113674
5.6  6.985006668
5.8  6.805443166
6  6.877085804
6.2  6.839918448
6.4  6.780372831
6.6  6.535137347
6.8  5.925474153
7  5.678743658
7.2  5.472505139
7.4  5.163101599
7.6  4.914779933
7.8  4.870688169
8  4.777469592
8.2  4.687011634
8.4  4.757760307
8.6  4.796317204
8.8  4.210284604
9  3.777437884
9.2  3.588468841
9.4  3.481534257
9.6  3.304832645
9.8  3.160483511
10  3.018491419
10.2  2.772444462
10.4  2.492963022
10.6  2.321613149
10.8  2.189168678
11  2.81320594
11.2  2.840161275
11.4  2.805305356
11.6  2.825202999
11.8  2.806094365
12  2.773022095
12.2  3.010045219
12.4  3.211311213
12.6  3.357369728
12.8  3.423112697
13  3.506159061
13.2  3.519659925
13.4  3.565296949
13.6  3.604466051
13.8  3.630146908
14  3.598773746
14.2  3.594774573
14.4  3.624015346
14.6  3.679861151
14.8  3.751335777
15  3.842423062
15.2  3.904834412
15.4  3.965953029
15.6  4.164855417
15.8  4.231709631
16  4.299594867
16.2  4.353035586
16.4  4.37499044
16.6  4.341708428
16.8  4.21561027
17  4.8215865
17.2  5.402513929