0  1.59593625
0.2  2.142250536
0.4  2.177493807
0.6  1.436212063
0.8  0.999635029
1  0.956269553
1.2  0.981187523
1.4  0.960130828
1.6  1.005866489
1.8  1.039107922
2  0.993483533
2.2  1.087596781
2.4  1.303121455
2.6  1.607095057
2.8  5.515074929
3  6.048917884
3.2  5.886151078
3.4  5.839747237
3.6  5.801580094
3.8  5.684134597
4  7.996598254
4.2  8.721094409
4.4  9.104696251
4.6  8.926910791
4.8  8.729470107
5  8.665077271
5.2  8.424328174
5.4  8.160846494
5.6  7.928656826
5.8  7.78352048
6  7.916913413
6.2  7.886758995
6.4  7.805172713
6.6  7.521593757
6.8  6.823494669
7  6.557637975
7.2  6.335187727
7.4  5.972777297
7.6  5.682195842
7.8  5.632092988
8  5.502716789
8.2  5.373186741
8.4  5.429454151
8.6  5.441416526
8.8  4.666489955
9  4.164060306
9.2  4.072999179
9.4  3.957230114
9.6  3.696191079
9.8  3.41896041
10  3.1511908
10.2  2.806416232
10.4  2.408170213
10.6  2.094193552
10.8  1.795806548
11  1.787586364
11.2  1.688217718
11.4  1.591065041
11.6  1.561416724
11.8  1.512616946
12  1.477358824
12.2  1.547984029
12.4  1.559662843
12.6  1.564698329
12.8  1.512704399
13  1.494450501
13.2  1.431736507
13.4  1.427895267
13.6  1.426650675
13.8  1.427366543
14  1.380732229
14.2  1.349962445
14.4  1.341785883
14.6  1.3799723
14.8  1.445269492
15  1.550661898
15.2  1.637866716
15.4  1.73975404
15.6  2.001360471
15.8  2.086646781
16  2.174190984
16.2  2.245047172
16.4  2.375737296
16.6  2.533597198
16.8  2.531476917
17  3.328880369
17.2  4.032592932