0  1.593522824
0.2  2.131439369
0.4  2.16020579
0.6  1.420746429
0.8  0.992419375
1  0.95213225
1.2  0.973651721
1.4  0.951215924
1.6  0.993848608
1.8  1.023174379
2  0.978929091
2.2  1.067919964
2.4  1.27972599
2.6  1.699839605
2.8  5.471066828
3  5.994812793
3.2  5.9161219
3.4  5.856050182
3.6  5.803180837
3.8  5.674209994
4  7.820565851
4.2  8.486327076
4.4  8.881478889
4.6  8.686996455
4.8  8.486994583
5  8.417996535
5.2  8.166510151
5.4  7.904112051
5.6  7.673498498
5.8  7.519053219
6  7.635749179
6.2  7.603698497
6.4  7.528071901
6.6  7.254860831
6.8  6.58067437
7  6.319989306
7.2  6.101922629
7.4  5.753844999
7.6  5.474690382
7.8  5.426212897
8  5.306613539
8.2  5.187648391
8.4  5.247831463
8.6  5.266984865
8.8  4.543134289
9  4.059519519
9.2  3.941984576
9.4  3.828604311
9.6  3.590369697
9.8  3.349069537
10  3.115309545
10.2  2.797230434
10.4  2.431097769
10.6  2.155686685
10.8  1.902169719
11  2.064908817
11.2  1.999697549
11.4  1.919389607
11.6  1.903138272
11.8  1.862366832
12  1.827699754
12.2  1.943318132
12.4  2.006260381
12.6  2.049427794
12.8  2.029269339
13  2.03840653
13.2  1.996300656
13.4  2.005838094
13.6  2.015521164
13.8  2.022987441
14  1.980479668
14.2  1.956948524
14.4  1.958889424
14.6  2.001850852
14.8  2.068818391
15  2.170342764
15.2  2.250843551
15.4  2.341707218
15.6  2.586358786
15.8  2.66666115
16  2.748889665
16.2  2.815036797
16.4  2.916325442
16.6  3.022501518
16.8  2.986858232
17  3.732500712
17.2  4.403012784