0  1.59770387
0.2  2.150168749
0.4  2.190155732
0.6  1.447539255
0.8  1.00491985
1  0.959299757
1.2  0.986706824
1.4  0.966660196
1.6  1.014668511
1.8  1.050777816
2  1.004143358
2.2  1.102008289
2.4  1.320256539
2.6  1.539167976
2.8  5.547306923
3  6.088545021
3.2  5.864200133
3.4  5.827806789
3.6  5.800407694
3.8  5.69140348
4  8.125526234
4.2  8.893040468
4.4  9.268182989
4.6  9.102626568
4.8  8.907061725
5  8.846041795
5.2  8.6131568
5.4  8.348881495
5.6  8.115537463
5.8  7.977219077
6  8.122841049
6.2  8.094075475
6.4  8.008124255
6.6  7.716951752
6.8  7.001338804
7  6.731694355
7.2  6.506033533
7.4  6.133125609
7.6  5.834175019
7.8  5.782881727
8  5.646344867
8.2  5.509076976
8.4  5.562476513
8.6  5.569172105
8.8  4.756836941
9  4.240627077
9.2  4.16895565
9.4  4.051437002
9.6  3.77369577
9.8  3.470149219
10  3.177470607
10.2  2.813144007
10.4  2.391377831
10.6  2.049155337
10.8  1.717905045
11  1.584472489
11.2  1.46008662
11.4  1.350596683
11.6  1.311136276
11.8  1.256456458
12  1.22076545
12.2  1.258437183
12.4  1.23257012
12.6  1.209677381
12.8  1.134366815
13  1.096051396
13.2  1.018243799
13.4  1.004603875
13.6  0.995355748
13.8  0.991127546
14  0.941470911
14.2  0.905399471
14.4  0.889812773
14.6  0.924501922
14.8  0.988575733
15  1.096801128
15.2  1.188916049
15.4  1.298877214
15.6  1.572901564
15.8  1.661838171
16  1.753275639
16.2  1.827580789
16.4  1.979804864
16.6  2.175518544
16.8  2.197950862
17  3.033264593
17.2  3.761293546
