0.9128628218358071
3.8961090600871535
10.770369582671064
18.385618124403173
26.67914355778526
36.067198927607365
45.59051349279832
53.8504845913024
61.05695035822328
66.62388230388096
69.29212268328722
68.51914933448913
64.14040714998706
1.0954573469291933
-11.454723015769346
1.2741809637495578
-20.064921032305058
-43.26759977006648
-50.60917410582263
-64.4261931291766
-80.90811483035628
-78.15111610773272
-70.55728921470381
-67.79068449767738
-63.552301347699085
-60.953201634901234
-62.608406709307474
-59.0900279154248
-46.135645615230715
-27.853274722925562
-8.77673153188698
7.8466001304750534
20.46560754125676
30.545368073922873
41.35705238403898
51.92603153690834
58.76771587080111
60.01642676635856
55.42523714512208
46.33513184658841
35.6705836897454
26.763410980307526
19.43390308862945
11.063032622148967
2.02088663772156
-6.362754128283996
-14.150458132751737
-21.196585532095924
-26.27177717849918
-29.386237160779274
-31.554843779376824
-32.97152195657691
-33.096213170632836
-31.53731203154166
-27.973131314956845
-22.345981980932265
-15.42132495367332
-8.282945915932942
-1.5274759923049714
4.676199329918745
10.222336578815884
14.946256653456658
18.623808737454965
20.99745211178015
21.9516325545992
21.620463467970694
20.305728370898578
18.313433775678277
15.818490260084218
12.878857032108499
9.501536974657938
5.755069800969068
1.8265919508921797
-2.041049269675568
-5.614297014220938
-8.701482386026328
-11.178550389646261
-12.990236999467015
-14.081505150854355
-14.376203602812893
-13.844803299034538
-12.557476013600535
-10.66600741448201
-8.360935880169563
-5.835059175813512
-3.248425189725822
-0.7158880205388414
1.6699821945876465
3.8179179663784453
5.641338768771675
7.0747025197633775
8.079300082667032
8.642329155729385
8.774076174850052
8.49874661310605
7.842508702728082
6.836095718492288
5.5306267994092195
4.002881335640268
2.346280226156523
1.3853917740270818
3.5987084922250925
8.332563328576438
14.47596618705231
22.119857957144234
30.886599062943425
39.71903166667979
48.15784951957957
55.837065650204565
61.83858972684462
65.16285100430837
65.19670359195703
61.70560100804853
0.4408503736989795
-12.053792388905784
1.885369207215807
-17.977377959195557
-40.72052781690655
-47.81214258600887
-60.871159413951446
-77.42264107328742
-74.86098859800131
-67.32114753375345
-64.83274316657162
-61.0497382655667
-58.974842390440244
-61.18849855134431
-58.40979931987749
-46.20234412075115
-28.575732705188784
-10.046167503795004
6.198006568234632
18.526658102457077
28.348375768335245
39.00269098005447
49.591830421515624
56.59156125833397
58.10762363458707
53.86733445851496
45.17353671604724
34.88492984849654
26.332807362003223
19.415732146448136
11.452010947326926
2.750013489247067
-5.355902333554695
-12.911677993139165
-19.81148527665573
-24.839684729151486
-27.964448335711495
-30.196635981075815
-31.74682430906978
-32.065744679457566
-30.744075052913104
-27.448685470713826
-22.1036145975595
-15.445647773180099
-8.547199727567204
-2.004624792258255
4.019366777625692
9.427293637803814
14.061438764212653
17.699083936720854
20.083411911349685
21.09218363337277
20.852918630611384
19.65925578527822
17.81030169596488
15.47515935858246
12.70377895765705
9.49510219138756
5.907858996128198
2.121063254206092
-1.6292672128984123
-5.11353205866908
-8.142292896387517
-10.592363503732486
-12.4070257696294
-13.530321490121423
-13.883703971412615
-13.432392131173401
-12.239913122262806
-10.452578975382494
-8.255066544588772
-5.834506422339473
-3.346584709594026
-0.9024948027217761
1.4095971032511443
3.5009655023022788
5.286920570404618
6.7025901649321895
7.708903751161415
8.29159944273124
8.458991633291589
8.232595021676389
7.635517741800868
6.695270387281198
5.458926788633107
3.999392844270915
2.4067972457851283
0.9222527683252615
1.9713554680237726
6.04129125686546
11.786060833653824
18.976165989113305
27.53963023988055
36.55459402930349
45.25401741636015
53.36677511523571
60.1799629388191
64.63009381651875
65.95939990442066
63.79005031442632
31.0596585449958
-11.428953878257406
-1.9178777585320184
-6.830762933687483
-32.84855030712515
-46.54561527116796
-53.08726757392168
-74.44624733747241
-77.38355923414565
-69.59697221603574
-66.15997811318903
-62.6469566851747
-59.530859483755194
-60.48026217277766
-60.74223107889884
-52.060652115396806
-35.52089076944321
-17.125698319498042
0.4774690841222764
14.325990833469405
24.659026361234282
34.925057940159604
45.89937985479992
54.657268915718305
58.36389853128276
56.21342642295349
48.9694667260992
38.85352580226754
29.351456475364103
22.172131097700913
14.706675891757186
6.086504377126403
-2.3479200983638293
-10.08686017953005
-17.36471096700552
-23.246870348710218
-26.992500349100737
-29.4865997692541
-31.360194651351776
-32.20912920441333
-31.547629528824473
-29.03163473837776
-24.410911143968406
-18.10894767035643
-11.181543608312495
-4.459263938842923
1.78634650609456
7.457959578619921
12.421552799030906
16.480942177164252
19.376279031246668
20.912344829906942
21.123116182585363
20.2553341765597
18.627550522171077
16.46385707485024
13.852370716907899
10.801362750353292
7.333456948341336
3.585782077134354
-0.21730038165696897
-3.837244255832047
-7.0667275236774
-9.754037590828375
-11.82127396389842
-13.220752415654715
-13.877652303985087
-13.730683571324334
-12.804854389920365
-11.220744264064706
-9.15274686687917
-6.791825131804217
-4.309126431442564
-1.8317163400934078
0.5469729419564828
2.738616194605129
4.655287619374576
6.222745812847279
7.391579191898927
8.138420926115941
8.463661611807765
8.385027807438746
7.925682941015111
7.11020505570923
5.976582613424398
4.58880343940109
3.0251313521652072
2.500926910612481
5.225159963706897
10.171362013232757
16.443197089088343
24.18797781669167
32.87924060000895
41.476351182764176
49.64649743011651
56.957812889616775
62.424713654430256
65.10783833386154
64.45647239627976
60.30167084399563
-4.488648652739281
-11.037804917677262
0.11821087799830643
-23.05352470145006
-43.50385048507413
-48.82315236216375
-65.30641173123746
-78.1316490298168
-73.62290859755558
-66.86175825118335
-64.13494741964496
-60.32933074030734
-58.84642228859593
-61.02273441082252
-56.72140992619825
-43.083474194674636
-25.20384385587022
-6.762672740114795
8.804076656837424
20.456620607121295
30.222346424714488
40.95474921195273
51.15007962992968
57.248209982339176
57.7319872503067
52.584825323887344
43.337877585763636
33.095158563730365
24.950231519200315
17.970836815715302
9.796805015132122
1.1360399294790113
-6.825520417711232
-14.286002923268825
-20.930913306001457
-25.549157078072312
-28.419145901789307
-30.51589315813908
-31.86095433209266
-31.898143871803768
-30.24644887073373
-26.57882665465877
-20.93224911186553
-14.15756883926224
-7.29441268183291
-0.8376159537874628
5.079753416139283
10.353842433192767
14.818969870888395
18.24117766309064
20.375305617650156
21.136520352345542
20.691827364164055
19.34930554757011
17.39322824042756
14.96986063705117
12.116164431761717
8.833168654629844
5.198094128165394
1.405152646912029
-2.3073826321196975
-5.716130858811084
-8.641313660205924
-10.97335349918285
-12.661771269573364
-13.646963804145344
-13.852026750420919
-13.257301541918423
-11.94315891477163
-10.065694858203642
-7.812449380435282
-5.367893316491973
-2.8801850991731044
-0.45472244286793284
1.8220247244171333
3.8610654525109567
5.580624823778635
6.92053509913967
7.846560491278069
8.348802495427663
8.439362693636212
8.141234522452578
7.477661962650018
6.478659528831486
5.195882367755985
3.7058950942009687
2.1005693038459867
1.1250240834574932
3.2766048715322746
8.015228960727049
14.181988083338938
21.840196251389308
30.645737699093974
39.546704818195934
48.04900739515959
55.79957133750658
61.90108693644932
65.3445608945108
65.5035408377815
62.12991178369087
2.6515090071891407
-12.132554968142697
1.8254668942472705
-16.809097351369626
-40.041963457342874
-47.74113665322368
-59.98978584541563
-77.3814234798856
-75.36155731454619
-67.6461311025123
-65.14144041999862
-61.33470723798382
-59.1315569171893
-61.26877634483026
-58.82609673406478
-46.94387353377897
-29.36714639159618
-10.813088655337197
5.619663081786712
18.12283460678009
27.995404145985958
38.622302485287946
49.29926876684476
56.50344169825257
58.25968825848395
54.23536774588865
45.67126327681035
35.37160128805408
26.696684801361698
19.76607073881314
11.836230364468065
3.1160436835780274
-5.040039457147941
-12.629730783795821
-19.591694235467003
-24.72540212032618
-27.916170246797265
-30.17819294720539
-31.77055491176725
-32.1471910411492
-30.895487622969085
-27.67870798127842
-22.39940207733889
-15.762093329511117
-8.84619542400469
-2.2736694990162505
3.7846565752552124
9.230830910484656
13.910164069238817
17.601131825053017
20.04661177433445
21.114605343391304
20.922606944397558
19.761497168510687
17.933075596753042
15.612762301025214
12.85300139003084
9.655428456957452
6.073593765759142
2.2825730440672487
-1.4812734529550653
-4.987251763755921
-8.043474861391587
-10.523881323431851
-12.369006934837671
-13.524620051815873
-13.911757837166078
-13.492444939096458
-12.32614991356968
-10.556996061117388
-8.369059089949587
-5.950330031948397
-3.458038787910482
-1.005861461861059
1.3179883269185666
3.424548412906006
5.228450467082439
6.6632302184880245
7.6892649899818935
8.290930294402642
8.475666860234924
8.264781254081754
7.681421254383167
6.7527745129482355
5.525061474414542
4.0703111676557455
2.6643149175383485
3.9905243782271356
8.154400950309785
13.78751128709142
20.839676768648243
29.192568756747804
37.85218123361355
46.16465164010831
53.88405478739013
60.24852782045464
64.19760474180208
65.02022621840675
62.375876174073525
18.35053225970211
-12.591934824824712
-1.0912295973690505
-10.578512928741159
-35.93653000941238
-47.66786952659479
-55.308672129727505
-75.90234512936695
-77.10958146900703
-68.85402279403934
-65.62968483888653
-61.79946868766274
-58.79197413362999
-60.14407271668824
-59.630973134404485
-49.9744494682127
-33.04830222061719
-14.659745581469906
2.557684679319209
15.891460904509586
25.922948828992958
36.17965971149533
46.990390837607265
55.20825622585835
58.23427314925357
55.430326698042336
47.68483315424237
37.42301017222053
28.114048406976508
21.046912728255847
13.458611004025443
4.819724162851344
-3.4810123666975414
-11.112085585074965
-18.236914943452575
-23.826169952750206
-27.313781328688492
-29.6567186662287
-31.38739058097417
-32.04285990521021
-31.165243231589557
-28.412425192131195
-23.570936861506198
-17.15155063905695
-10.227052515445394
-3.568322616571095
2.5912390693556517
8.158894731517648
12.994866649707546
16.900885133101838
19.61536785357748
20.964983871788718
21.00841024852707
20.01266495080199
18.29249152893317
16.060373958724085
13.392257346829865
10.294068221264752
6.7963151837466285
3.0463250262546353
-0.7277355409169104
-4.290764850564301
-7.441349086264381
-10.037006494792877
-12.007879821001552
-13.305934903968591
-13.856383555044886
-13.604414364119293
-12.586831591208465
-10.93185595725663
-8.818038791039726
-6.435511237417813
-3.951911506272154
-1.488933189684758
0.8619199912354816
3.013485403935192
4.879184322082438
6.388262345979456
7.494880721991649
8.179391530924477
8.445060091209598
8.311547293065814
7.803052724222653
6.944871552521363
5.777532532403711
4.3672585026943125
2.800894551561214
1.687268949486299
3.6261669933368488
8.208128613913633
14.208985139393835
21.684053605018214
30.34809511676483
39.149974242082706
47.569779678397516
55.285332186633504
61.429836834969606
64.97723380761903
65.28165445721716
62.07225420330596
5.17539665028351
-12.6784764076152
1.1370536718052975
-15.472149278640202
-39.22628690564383
-47.8001983537651
-58.800655425944576
-77.15205818624554
-75.8764168843054
-67.87130988278659
-65.228368842294
-61.366079584306135
-58.92624332461128
-60.94476735824719
-58.97623470387407
-47.62785350687773
-30.165256458356453
-11.658256425405852
4.965364129537193
17.643171022777096
27.512570014347148
38.04582235374255
48.75510094803758
56.20237977064971
58.2468406681146
54.50202421682479
46.10706168759498
35.79638716256886
26.966082099374034
20.022760557141737
12.178979439588147
3.474101987609174
-4.70524085854413
-12.296079178835498
-19.292982177546946
-24.526054909903905
-27.771581431414234
-30.042144646678935
-31.663487244280986
-32.102389157545986
-30.93755144471652
-27.830513164255535
-22.650940223655198
-16.060935183340916
-9.142395466536982
-2.5527977909659967
3.524708294775337
8.995147221983643
13.7054220661812
17.443660945864394
19.94713244936429
21.076052475895267
20.933505587250693
19.80670524953166
18.000235440878896
15.698663243238116
12.96064653780195
9.787422645778861
6.226684035587823
2.446745254244888
-1.317071396508254
-4.833704656426562
-7.909359104116447
-10.413253948441707
-12.284653994749533
-13.471113594743656
-13.894466059107799
-13.511854115204187
-12.37870221034973
-10.63484879754833
-8.46324376319535
-6.0526274052099325
-3.563319052802399
-1.1095425514504313
1.2189877271885052
3.3342238779296167
5.150507343001664
6.600848896021489
7.643412395962514
8.262487211148255
8.464452627871651
8.270318303955719
7.703586337622255
6.790825706266332
5.576959734666161
4.132625407713931
2.5470294522924632
1.7516701977058133
4.162412297230738
8.995605994708558
15.202342227378566
22.8957707852957
31.652419950550794
40.41307732680434
48.762690175738555
56.316801689146075
62.13606245338709
65.23838212863276
65.03253701659345
61.305668229457495
-1.867067358416186
-11.83528569867012
1.588594991249522
-19.640577025097393
-41.73001537774532
-48.2031685543036
-62.306656944871406
-77.73877813742001
-74.55805395449715
-67.24704687736994
-64.71104679478958
-60.874490182144655
-58.94328791673615
-61.181728954175924
-57.9118225110069
-45.23363521920692
-27.482162420870736
-8.970118111508782
7.08148369276023
19.191313551003987
28.985223826712172
39.67467501110514
50.14526897286123
56.8666538582911
58.04227673103742
53.50952999290894
44.61723730014637
34.324986325911595
25.8938953376055
18.956209980606218
10.916668320904137
2.2125766151584685
-5.849751806730637
-13.382041822187603
-20.207241796902963
-25.105942943017
-28.145282551966375
-30.33128678202047
-31.81531619137968
-32.040437745308736
-30.609053588239476
-27.190370254276786
-21.74058870843146
-15.036511547659757
-8.142009771050652
-1.6215567322797142
4.372507974097971
9.741944171255454
14.323980710760225
17.89559663477121
20.199476741196122
21.12850978752249
20.820339273603167
19.57566785509698
17.688722526858328
15.321050442231353
12.519699774013134
9.283638941822574
5.677365820738487
1.8845324610592797
-1.8566961043979973
-5.319232023815857
-8.316949445434147
-10.729948549065739
-12.504461819073185
-13.583097892289516
-13.888113462890033
-13.388962012715638
-12.155320716323331
-10.336235127411783
-8.118177390133496
-5.687009064015001
-3.1966579469153658
-0.7561473629903048
1.5463423889013939
3.622800943441689
5.388477012282237
6.780463305476587
7.761136963381432
8.317740522034
8.4596935492591
8.2092775645433
7.5896565081202425
6.6288308231160045
5.376051115628798
3.905059567594435
2.3067407279158942
0.6771058813193918
0.9504626959703586
4.4377782696116626
9.922734288647732
16.822464841361548
25.189409301866444
34.28896958477601
43.17906346626229
51.55691986874289
58.849460111777105
64.01501526333523
66.19569031941317
64.92132560865281
58.82197578740441
-8.534627762298197
-6.937389792522431
-1.9418019699740512
-27.331262943737574
-44.785218361228644
-49.85171614889143
-71.23020482930838
-78.1058839647294
-71.58497745457134
-66.63093204637698
-63.71544529368839
-60.280411218558584
-59.94191935173512
-61.604102313103795
-55.276740696368506
-40.04103227626911
-21.858137718823855
-3.619787902243843
11.200525186482992
22.23571811846341
32.26798271582811
43.26364698211546
52.96261817809136
58.03806065043318
57.33962701006385
51.21566105578677
41.50969885630184
31.55567950067052
23.943993305816548
16.771718446121668
8.332034764127457
-0.2847714858071413
-8.172588639805326
-15.614620424370514
-21.99449944900698
-26.236616578593384
-28.96010442270199
-31.01067601388786
-32.178665135958
-31.93152163756895
-29.906234335212503
-25.80021307145944
-19.822428301005857
-12.944067804259248
-6.124533781403443
0.2576166660001036
6.0897896572132595
11.255185128102312
15.570813142549014
18.78719275133335
20.67558387972531
21.20386053842958
20.579725960473297
19.118434698146302
17.078382225037785
14.575729694071924
11.632621135853697
8.256234325584956
4.55343999346951
0.735477234586142
-2.9574614252196625
-6.307063172163907
-9.145041521755047
-11.376278610143345
-12.952633650391363
-13.805490545171779
-13.86252740083728
-13.123603031039238
-11.688316104991827
-9.722539897833485
-7.41612146346597
-4.948055411921814
-2.4572240250417963
-0.042792100517544895
2.2076272350968793
4.204389381571673
5.867933990783058
7.142707350780256
7.998668435728177
8.430196467787027
8.45184485684149
8.086382229288574
7.357036817120388
6.297269504109863
4.96436757867923
3.4391059507615864
1.8162246106076054
0.39906306281333315
1.6103099867847277
5.819662047406112
11.695501261382496
19.03456641377703
27.72935845665127
36.835062693434864
45.611619263799014
53.77131039884783
60.57607622107548
64.96704534527598
66.20205454856548
63.918209502517485
26.443667508343896
-11.107527700956275
-0.8733160375397375
-7.646860991948586
-33.499140365371105
-46.576735602210285
-53.63144005160424
-74.78424065109357
-77.25983339066443
-69.42553541484449
-66.18180781382034
-62.63478221180412
-59.61981778887639
-60.80234049468709
-60.771684321829525
-51.709829520645144
-34.97707822055236
-16.540333004646527
0.973838692822028
14.693444531891146
24.97375262505375
35.32808008634311
46.318582179999794
54.945667744163075
58.448224705818575
56.097521984556806
48.699988896303694
38.55390577795333
29.148600088781677
22.019385320338188
14.494038125063526
5.83629129343899
-2.5814496018283535
-10.32261134282453
-17.59312046840205
-23.41434294823557
-27.1111599598662
-29.596229318151018
-31.45976364336093
-32.27088947742595
-31.552216654119547
-28.963133167824708
-24.263687849626876
-17.914496701065218
-10.979372936097207
-4.265752868261188
1.968295146158198
7.6279428317793645
12.572078705212334
16.605129077128367
19.462353412003722
20.956733840081142
21.13018119111075
20.23620750469854
18.591762907570228
16.413870852906257
13.787054265616462
10.718075587938074
7.23309346329188
3.473360551870428
-0.3333446569740772
-3.9489876810694113
-7.168279648001771
-9.840910751430783
-11.891436390054878
-13.271167521597818
-13.904336507141124
-13.731109471525997
-12.780925098457374
-11.177130103576928
-9.095360599050764
-6.726384152425453
-4.240205691196024
-1.7619864534935914
0.6149592695874162
2.8023599874577485
4.711880304210354
6.26994897518307
7.427926424948964
8.163281032408122
8.476844298129436
8.386403523152694
7.915379550599027
7.0883039546897635
5.9441900494275615
4.547734545310959
2.9849052148056217
