4.5369395720530624E-294
1.3189615494908004E-194
-3.6749282004949523E-143
5.4136432978616706E-108
1.0120507467656413E-78
7.000236583401587E-55
2.8888674853465882E-36
7.1417495286257155E-22
3.371262657970238E-11
3.303813011780318E-4
0.12253204991643865
0.1290959011597246
0.5353120030017433
1.3587268242935198
2.24085080756179
3.0249855041297
3.709111028564701
4.309698366719591
4.60712596502434
4.573437258310424
4.244893938947364
3.5986763385447684
2.6389323409392595
1.3008840883014763
-6.392447587308851
-8.270043978999519
-5.737226575398573
-4.909643929603659
-6.328613858429751
-6.83023552317294
-5.197038530831812
-4.216668935845582
-2.205677208007148
-0.2267529410921405
0.8895647100202804
1.3911018317887711
1.675756749130369
1.6614734034568999
1.443218986977006
1.7597984464365335
2.449709978266382
2.9070123196729716
3.0162224137492957
2.8101930889983073
2.499774441253341
2.255913319531693
2.0107859597894713
1.563595542571667
0.8167627557636123
-0.16590329764798462
-1.1510921110785723
-1.8819118266578236
-2.2904407290953923
-2.394327165219103
-2.384642253189776
-2.3375050088658593
-2.1781728361433537
-1.9078495168728704
-1.596733634420648
-1.2648010938207808
-0.8794243739805818
-0.5104956559338358
-0.21824853569626868
0.039959992838456415
0.3263339801785623
0.6467916754744101
0.9832108601554008
1.2886740259921359
1.5005629086863461
1.5906424562322155
1.5755585977682909
1.4802930800453051
1.3151610016262953
1.0821270126284848
0.7964932506247191
0.4766183545486342
0.1553152682919361
-0.13761438164068274
-0.3811221490260053
-0.5630022118630968
-0.696607336608114
-0.7892344800737519
-0.8482303073770598
-0.874379582489885
-0.8648170429179451
-0.8189733939100599
-0.7344941611975102
-0.6211405995659476
-0.4830602224233367
-0.3276758945940532
-0.15852130217003513
0.018728892985643952
0.19276727140944772
0.35156396865292194
0.4790510838489155
0.5706268098203875
0.6210316935653442
0.6335743217940504
0.6112797631008711
0.5605581138085629
0.4862585343982939
0.39350688857440197
0.29022838184897104
0.18148237629735853
0.07431335434030828
-0.028561164512064252
-0.12221700125678225
-0.20633824029700065
-0.2780546680930982
-0.3355047179139401
-0.37511858401961184
-0.2971040754771046
0.2066224195419739
1.0136275271370359
1.888352730061202
2.7388165593052616
3.534638784816421
4.174217468836192
4.5352483504951095
4.593023266081882
4.331770053786435
3.727573075545358
2.806906691221325
1.524904758343272
-5.997980285729987
-8.120999427983303
-5.570417325239244
-4.671542306431636
-6.126068696601582
-6.710990059203517
-5.111676614375639
-4.170006083931728
-2.21381954244794
-0.28261651770762164
0.8194716351454172
1.2905482175443392
1.546973246706349
1.5210639784327338
1.2887027183621758
1.5927098448276844
2.2839672685035293
2.7550034765055944
2.8886845133203387
2.7086871623709783
2.4231129686656665
2.203473487752575
1.988902444681873
1.5725579844440318
0.8530037670862427
-0.10526761130542894
-1.0740337836982796
-1.7955248570947049
-2.2006608816832234
-2.3037596383038235
-2.295299408152065
-2.255202136244389
-2.1087446702920047
-1.8527445630109263
-1.5560010984058543
-1.2423492057831957
-0.8753825562638937
-0.5215133243457508
-0.24435816391325815
8.713717522645936E-4
0.2752610326166547
0.5871360154240861
0.9192732083193533
1.2230720573819376
1.4383064491595334
1.5341124696959483
1.5268386733214925
1.441359021104848
1.286988226319032
1.065760842826247
0.7923775118512602
0.48286230238620576
0.17261225926176138
-0.11300266011961924
-0.3493028242260401
-0.5267913594058484
-0.6578387882440424
-0.7491481162303621
-0.8098295101153923
-0.8382609410533881
-0.8339780800544041
-0.7933571015203782
-0.7159640694754579
-0.6099672867780619
-0.47873028903509507
-0.3308537937567415
-0.16794525787197756
0.003376054595911171
0.17340056302712625
0.3286715567586391
0.454625993728353
0.5461504308191003
0.5970718999840159
0.6120614958234221
0.5924123732613289
0.5459915291003554
0.47523949276669697
0.38773353685965617
0.2885745491701357
0.1845983922187493
0.08101990636934886
-0.017950702491262405
-0.10909612702683802
-0.1911023695819729
-0.2616897541004022
-0.31872886163352376
-0.35883383352315334
-0.35202960036918896
-0.015595532237661303
0.7105539486047583
1.584722528961148
2.4496205078176985
3.2718456857804377
3.987611624587256
4.457862117498685
4.6273850200980675
4.484498952896388
4.005075470909432
3.191521379044268
2.1025306538968636
-2.0127857824044284
-9.061174556011991
-6.541259146475696
-4.422624338206219
-5.669341008693898
-6.820164692433043
-5.696832599452382
-4.625274476534951
-2.9885421886395314
-1.034978943111188
0.5504420516074688
1.1291379760323288
1.4634855726776657
1.580929496757399
1.3430392351032303
1.4146080046279508
2.0315206602260893
2.6164350031539207
2.8951637495307985
2.8103274874502198
2.543244214073937
2.2836394427534934
2.0935607085091696
1.767807201805816
1.1616893964397406
0.2763094859225461
-0.725134174245305
-1.5596800227875747
-2.088998399587716
-2.293277930255634
-2.3025550754174446
-2.2834948586766046
-2.1857115605351822
-1.9649110061201611
-1.6727229064268698
-1.3732450798217073
-1.022921412054231
-0.651070908810162
-0.3452868100893376
-0.09486155233308935
0.1657579168693708
0.46535558741355487
0.7960492068735796
1.117270421946401
1.3737106260583403
1.5153624975148219
1.5429447029863894
1.486283580833387
1.356778434637782
1.1598068351013495
0.904589124405561
0.6035478698579766
0.29094592723694745
-0.00910667693610634
-0.2659746070650044
-0.46604393708670955
-0.6140719827972205
-0.7195770563312891
-0.7926121002956492
-0.8331248574786585
-0.8422808802818409
-0.8156500419276256
-0.7514116628196703
-0.6558029454342673
-0.5324376674885727
-0.3907592577592567
-0.23189965564451853
-0.06307328975813675
0.10989236901195909
0.2726297785620915
0.4112417948751599
0.5169517166803104
0.5831163583212629
0.6120690242596822
0.6043494568199392
0.5682827342621266
0.5053861172325185
0.4240195435279901
0.32784788670782916
0.22522398666210108
0.12034895910828425
0.019185825345552132
-0.07561422804094775
-0.1614383274676925
-0.23692617068098087
-0.299682908655015
-0.34673864581052527
-0.23010339604172003
0.3310015416553469
1.1526284370526838
2.013336574547978
2.8473520687301246
3.620756173942631
4.215431373153663
4.523910641164022
4.531242588758481
4.217198024763896
3.5619480588841625
2.6007154269262287
1.029295818906796
-7.45937840198777
-7.611100775674984
-5.102077408789761
-4.948505233043697
-6.335898557861412
-6.504081560845911
-4.9393925823040945
-3.8767371514871343
-1.8819591360449834
0.019115644397864173
0.9314218090290751
1.366869885699245
1.5891038219087008
1.4916852974106547
1.3080584595252631
1.703477928216202
2.3826854451350243
2.8028676633901526
2.8696509050485943
2.6539023018391106
2.365214622154838
2.159677153624898
1.922272328058341
1.4590012130979417
0.6925801819364068
-0.2863435463480428
-1.2267978218010782
-1.89533037397279
-2.2433393450670494
-2.3088350745595534
-2.2950932332842484
-2.2391423943957207
-2.070062639597616
-1.798823237573906
-1.5000269009713776
-1.1760115725125502
-0.8040626315202459
-0.4605306863094185
-0.19453591442555762
0.05206361450659358
0.33178424993769795
0.6469399555876691
0.9772182537185259
1.2685861805880094
1.4625396253738572
1.538450561036747
1.5143408141320123
1.4170453248125483
1.2495466445787287
1.0178445557870575
0.7368575817799865
0.42428066548482235
0.11672813211927746
-0.16206870932720108
-0.38753551642372486
-0.556152418904027
-0.6786404009206848
-0.7634076742828455
-0.8180538266598063
-0.8397494156998278
-0.8286126022204883
-0.7811615560033971
-0.6975631297308098
-0.5864928630412081
-0.4518202676943375
-0.301593548281069
-0.13615958256106353
0.03475192117457482
0.20319070870998956
0.353770395700586
0.47406665905550227
0.5577995427565412
0.6020714518647239
0.6106460912929634
0.5850249903809441
0.5339597184255425
0.4595235969706053
0.369536903039112
0.26841009391694826
0.1645793776526574
0.06136560244738121
-0.03624471067796975
-0.1259101950149102
-0.20551984631426023
-0.27375558376367337
-0.3278012911834267
-0.3644629802717816
-0.29339926532344407
0.19438476542105576
0.99513195875614
1.8710177031012876
2.7229566143982993
3.5206203220717995
4.167676219240377
4.53806784833904
4.605345076485925
4.353484176069493
3.7599715274070675
2.847185879737424
1.6040667801152182
-5.595436075008493
-8.258637072282013
-5.6839338751422375
-4.631687162178714
-6.094328127818116
-6.763998125236547
-5.164499044441214
-4.234457981453481
-2.2999687067515637
-0.36599436077884917
0.7926085067060598
1.2750626457029455
1.5390472657678913
1.5331336847347217
1.2934292102838185
1.5755328682968468
2.2633700617723065
2.747399928277652
2.8984752542160592
2.726381080156564
2.4421380484507935
2.218148995002757
2.0060704441776593
1.5969670767122253
0.8885469024654071
-0.0643171738303181
-1.0398646263663096
-1.775476811446815
-2.1942732087747885
-2.3060787538423
-2.2990559422170733
-2.263388498276697
-2.123053512709042
-1.8683409616700857
-1.5725612857233742
-1.2605525331182719
-0.893651001954737
-0.5367354194422091
-0.25690601511902855
-0.009239438397749211
0.2622009332865076
0.574978383407327
0.9072237836534427
1.2135583096832434
1.434168088318323
1.5345045828129287
1.5306405070370985
1.4488486836082544
1.2958159788466261
1.0780002993992142
0.8048675382514006
0.4965654822508512
0.18530167750804338
-0.10343181854469918
-0.3406364538977442
-0.522636727736213
-0.6546875047392007
-0.7480349367043431
-0.8103290765776663
-0.8399535894617358
-0.8375504443163067
-0.7975690725153797
-0.7225499578001049
-0.6165104349034891
-0.4860829327334386
-0.338940365618555
-0.17565057351568214
-0.00473382450201143
0.16664258169677737
0.32188661436504873
0.450861149315692
0.5430566861093951
0.59611158639634
0.6124685251691275
0.5943693971160044
0.5486935541302813
0.4784788478791455
0.3921785387171184
0.29240397130872253
0.18884068814171684
0.08449793695577057
-0.014283322466070558
-0.1066821354967118
-0.1888533220392219
-0.2602875077054776
-0.3180942755222773
-0.32468724934354753
0.038335182760206976
0.7720320367069888
1.6303561213278357
2.4750616665328593
3.280047267667449
3.9714270096462556
4.40959789290828
4.550281590665307
4.382743036775864
3.878190226536944
3.0462044291427617
1.940679365883895
-3.039827602539262
-8.938401298389735
-6.321134933314028
-4.391079690605025
-5.773875295966803
-6.8167270644004105
-5.472601939380226
-4.491575048425531
-2.731751732414814
-0.7917970762329318
0.6780855332048574
1.2148253526596662
1.5186800445276631
1.5974394784568062
1.3351439663563056
1.4627189049263336
2.1010031767670725
2.648887932823513
2.88455659023618
2.765457884107775
2.485883590438057
2.232711542462866
2.0363276867717843
1.6915998511562833
1.0585197997381783
0.15409218994291507
-0.8412342880486818
-1.6439478395311653
-2.134322218911848
-2.3034177798082
-2.3020895689425203
-2.2761570490643663
-2.1597528381944215
-1.9241050725530897
-1.6291021923173474
-1.3248215557645722
-0.9653065455191694
-0.6003987232348607
-0.30109638687531515
-0.05529334675633635
0.20468603381316086
0.5074363504020099
0.8334161865107461
1.1489113175941554
1.3928188229014324
1.5167943355335112
1.534400620915342
1.4662956721131053
1.328620925017077
1.1253944060379837
0.8617440935288556
0.5612328294526918
0.24698506984556445
-0.04775118584966265
-0.2974497751156093
-0.49087945782008546
-0.6309055072904783
-0.731900390014502
-0.7981780771543896
-0.8345961254582903
-0.8382043082065991
-0.8056319396075509
-0.738243062420139
-0.6372943482490143
-0.5130262639447238
-0.3680280675259979
-0.20999966850608587
-0.03985562001470555
0.1311337806032924
0.2906975865862478
0.4256144274076661
0.5254823059589455
0.5872731627944034
0.6099838418244445
0.5994215203506172
0.5582601256864734
0.4934103943355126
0.40922850940783917
0.312466626020651
0.20892546132908763
0.10471783802179857
0.0046096266030843935
-0.08885366480971868
-0.17287279048413495
-0.2463968502689653
-0.30667945574847977
-0.3514680072995162
-0.30503108541721247
0.15226933280155208
0.9358226395925442
1.8063958427963485
2.6547473239991177
3.4545281657029108
4.111832303104123
4.499484660579782
4.584395983015554
4.354929268470983
3.7832011843533166
2.8915788499904522
1.696451322125995
-5.000489654494032
-8.440510569383449
-5.821640721710011
-4.56443758674564
-6.017085046636993
-6.795316039023362
-5.225074763008351
-4.290350934717054
-2.400198696881688
-0.4596769888659651
0.7756666685355924
1.2671342742225704
1.5356614792721786
1.5501752190784117
1.300786306863614
1.5457775727428213
2.222856145402062
2.7240075917240034
2.893787285710758
2.7327490794777987
2.447106072297373
2.2160984272825885
2.007181573197826
1.6160362490908824
0.9271391692356872
-0.014092117288043937
-0.995477443306541
-1.7474622296657714
-2.182058898129327
-2.3061349251896814
-2.2996630825052193
-2.2671125703447927
-2.131379134152027
-1.8796532282787126
-1.5844301321814243
-1.2749523310010886
-0.9074552846011272
-0.5509401616725569
-0.2649107094673724
-0.019483791925836158
0.24898805869132445
0.5596530503132158
0.8891147117226552
1.1982349645431185
1.4242701225595198
1.5293309863933189
1.5305884890559582
1.4514812830993833
1.3019190889060752
1.0881106410054002
0.8159232701287635
0.5109815674843077
0.19737258068097674
-0.09126957939798785
-0.332155253964018
-0.5165086059038089
-0.6493559933068269
-0.7453668360975314
-0.8073070226227088
-0.8390822068014074
-0.8372878441082321
-0.7994373408396314
-0.7260928679665994
-0.6204257919690406
-0.492887518657227
-0.34487030287944265
-0.1838028173876154
-0.012601832312682859
0.1579483186464472
0.31482663815158674
0.4449002970857663
0.5381032417222258
0.5941881452008886
0.6109792876005855
0.595153788926595
0.5495981501065188
0.48185188092108433
0.3947096780138679
0.2964453004562273
0.1924460827284662
0.08871382873880407
-0.010992521250045684
-0.10310538438324102
-0.18569143900657537
-0.25750823737533324
-0.3158652298335909
-0.3575957703499739
-0.26906730600555306
0.25306710102520924
1.0639208051216258
1.9337894386098924
2.7769919299417296
3.564874958884616
4.188196910282457
4.531797199467164
4.571327720373887
4.292726798321212
3.6706811765411516
2.7364993020458996
1.3866748955946093
-6.5108296756333885
-7.962471982388607
-5.430763128623923
-4.757727696286665
-6.188441726506866
-6.6525994734815725
-5.06151913007929
-4.081206009725591
-2.110570475181177
-0.179082211071929
0.8607289582958231
1.318019483060894
1.5629136858138963
1.512976576066066
1.2955476386965756
1.6293013600750896
2.317816448685676
2.7745858147617355
2.8852152122891965
2.692812468650388
2.4037859514584596
2.188515756838143
1.9645505315390324
1.5340973362941952
0.8015705935730324
-0.16410619433401052
-1.1250901781368157
-1.8314297853694512
-2.2178008292134592
-2.3086557593248216
-2.2986353787845246
-2.2548011501190786
-2.1002268740495396
-1.8366981159286553
-1.5411570071923109
-1.2236354894759813
-0.8526403122190658
-0.5040131684987017
-0.22811252753645306
0.01682029474923752
0.29272018524530097
0.6075276343406415
0.9368771538955514
1.2386046276051417
1.446658712250013
1.5355077236771422
1.5235468145762638
1.432873712777436
1.27478913182901
1.050513495635471
0.772388539758353
0.4643491896278249
0.15192834061593885
-0.129805348912015
-0.36371912243730264
-0.5386302355145176
-0.6661699711425939
-0.7564963503909041
-0.814012186310137
-0.8414283865776042
-0.8338853735211984
-0.7911880878175452
-0.7123805270727814
-0.6031563045684152
-0.4722549169953112
-0.3221112126297072
-0.15935819477026314
0.013148650589954514
0.18169316955685133
0.33608398747387014
0.46064574846278106
0.5488462055095766
0.5984867520409409
0.6105183990357688
0.5900966334760369
0.5404504738998526
0.4700039645817924
0.38044807518811297
0.28133791332481906
0.17647525528946062
0.07376141543227277
-0.025458560268944552
-0.11596857766967616
-0.19739429424583932
-0.26702430101029506
-0.3233563826169643
-0.36229311721855595
-0.3725805256362946
-0.13984508958810693
0.5168703303196907
1.3811782695491246
2.256551498542251
3.095056484687589
3.849694297393526
4.39011003254835
4.632512152957474
4.565783288438553
4.167220273156104
3.4285088171406244
2.3971799443400386
-0.042737380248553336
-8.712789069199843
-7.077373766834711
-4.655585846406652
-5.330694281062549
-6.626727063257249
-6.173206106639753
-4.828580234278093
-3.5071853087028444
-1.5274224154062495
0.2773800844812513
0.9981463917983575
1.391824036945522
1.5774482941288
1.4049401763415403
1.335634383362489
1.854908439092057
2.5048225608352226
2.867512496043105
2.8625743057717727
2.6200309889855475
2.340588731173625
2.1502780536035573
1.8751123825463338
1.3467223625204667
0.5205333877525931
-0.4811686611421351
-1.3808201821576347
-1.987633322070522
-2.2695325184742927
-2.3072045338855958
-2.2963683303875513
-2.2252042218226507
-2.0321112453396353
-1.7519232501191908
-1.4558385566524805
-1.118576028514667
-0.7457206117870072
-0.41785242764605357
-0.15959490511535535
0.09340959412413952
0.38571973542893545
0.7111009876774403
1.0402994390208988
1.320526934896236
1.49110323480285
1.5459589657348118
1.5081645657448064
1.395757615538912
1.216375225591534
0.9724704441605496
0.6820766149564292
0.36803882580422
0.06203095865912189
-0.20690256132743912
-0.42326457857559774
-0.5818727013208758
-0.6987420289769233
-0.7790448012874975
-0.8283210971531787
-0.8460220141520409
-0.8281354056407508
-0.7742559011208243
-0.6844654853823897
-0.5686902425491382
-0.42980861147859173
-0.27537918900634395
-0.10789843706473334
0.06542429071701861
0.2319918270485175
0.37868825578722465
0.4924976068466833
0.5697705296074815
0.6071183950883068
0.6088682606482081
0.5789298007949526
0.5226690631643862
0.4452588573957854
0.3520400556447356
0.25060711121311385
0.14544377789964358
0.043147027822598716
-0.053928417146025254
-0.14206771694803422
-0.22062197400785521
-0.2869274369614345
-0.33824072963511753
-0.37194683619179614
-0.3509684934588364
0.010034255300439554
0.7519394987044592
1.6318033708208333
2.500133757872149
3.3225510266787808
4.032276587671902
4.4907441370616965
4.647086521993444
4.48850689669824
3.9921956422255676
3.1626647698326025
2.059487614166258
-2.3992082322189106
-9.024080908469656
-6.466205134030432
-4.41601720634425
-5.7368194479848285
-6.853574196896318
-5.635824100294627
-4.599958553938436
-2.919534488437762
-0.9683456533950476
0.5717693881203303
1.1352483603013468
1.4606854562265283
1.5698774696483468
1.3278870259569402
1.4285233428895197
2.0606209301048466
2.6371935387736443
2.9021387098839284
2.80635087300611
2.536586394083642
2.2805710646754136
2.0915483525661642
1.7571559083335444
1.139113288281365
0.24356524899150145
-0.7591788007007523
-1.584201316653349
-2.102324223869587
-2.2969802967501636
-2.3051548085233406
-2.2852136778018775
-2.183379060048452
-1.9588938611074553
-1.668293923265935
-1.3666332923143187
-1.0147429900329286
-0.6445946308130743
-0.33998807638489836
-0.09107156546042461
0.17252998041784906
0.4747673297165278
0.8055674330851161
1.1281771276050847
1.3803456339659874
1.518211995742675
1.543469233038337
1.4825011724393562
1.3527351030859478
1.1519935329704225
0.8947251476034808
0.5936292741989035
0.2789732045022646
-0.018408359428875087
-0.2749858250609236
-0.4726833618129689
-0.6195908449722793
-0.7246112620222931
-0.7961709422249896
-0.8372189950519697
-0.8441364687103743
-0.8172530690389124
-0.7518316038878226
-0.6546308352547783
-0.5311078980258088
-0.38800630863273966
-0.22922523939124062
-0.05858094274474013
0.11311223282785932
0.2765910391712083
0.41399663354320637
0.5186988347007713
0.5834907193358987
0.6114369019438612
0.603077684997416
0.5652162854189413
